38988
49112
04161
05327
50408
07232
15261
40539
51496
13763
51187
40006
33692
42548
29151
05245
02672
47607
15771
46779
32988
08338
50386
40479
23184
04957
08595
11482
13681
47208
26157
25258
42529
43417
14249
08133
49943
41599
34281
04803
20759
42078
43647
20132
35971
11891
30724
20363
07271
32590
40115
19483
50142
22509
37581
00725
26132
35484
50155
44255
36981
06383
21752
05224
27151
08916
10077
07866
49505
41899
22558
37321
03986
51692
27039
17126
12941
48840
03388
02500
30403
10825
43233
18082
42050
16578
39744
26272
22386
48725
31114
26498
06831
37308
45526
08344
11469
26076
50591
22940
15784
03463
07383
18466
24538
23835
10187
21219
01225
35859
27959
02613
45617
39303
15391
30432
36479
44341
25320
15086
02822
04814
40740
16689
15898
25112
44189
00626
12102
11287
35545
15884
49096
26765
44371
11689
49487
12104
12371
11100
01298
52137
34057
11927
02103
18792
27303
48740
14552
31588
21100
30975
00046
13716
15948
38816
09790
13950
38954
30944
46919
46952
07978
07197
50176
48681
20118
46632
40885
53797
40679
06497
16993
13484
09119
47730
20935
00747
20034
10633
38218
26735
34814
17794
48173
51419
01610
27924
30237
02905
49728
50356
16161
35503
26792
09552
27879
38175
00702
38076
15900
15357
10527
36232
16536
45591
06363
41837
49907
23266
38691
24505
26937
30834
12688
43095
44783
00520
40085
05442
54021
10897
47052
29069
01734
00404
16144
19376
42351
30381
42179
19259
31138
10714
35232
02274
29280
26882
21789
38316
03283
24823
39668
42147
42049
29909
15684
02847
18354
42846
24556
22959
54087
53596
16976
44458
31663
35218
09076
09433
35816
24050
10327
19361
23098
06964
43671
01442
14046
12432
36147
32016
06312
01898
33189
30729
00387
01481
21349
09298
42530
49932
04521
51730
30083
42946
30525
47549
22866
17546
42577
12125
04742
11911
10519
32678
10581
46774
36060
36919
11178
45609
06396
52230
39777
16127
06895
18675
09425
50946
11742
02642
18756
37134
25335
41953
35855
34701
27537
04285
10051
15216
29122
17186
46222
30857
27593
23177
02780
37817
16746
19595
34689
38409
11057
33821
21531
22184
23503
44454
34828
46475
40640
53715
45378
38364
23325
33470
29655
40524
52954
08279
41880
05076
48314
37070
14756
02326
43264
27852
45556
05656
18381
33117
33439
26041
04965
05819
03787
51221
08790
21261
10424
09147
01365
33135
18242
43731
37759
07015
06566
51408
26773
22518
22750
18596
11663
36743
28198
49823
52478
07846
23480
12860
53003
47633
45328
49127
20094
50962
52380
39891
53144
29435
31908
04054
42099
19565
41513
43075
52599
38065
12649
07810
30329
40245
10044
35356
53912
12876
42285
44580
18709
35941
44308
10749
22112
08386
22725
44249
42486
07127
21449
17411
33326
43611
42369
05918
28920
27553
43042
29563
39899
53818
10315
45184
17978
07694
12483
40812
26417
52305
03699
07454
34343
05715
00398
16539
32122
40723
18951
41488
11997
46670
23494
49547
19186
22718
00238
02407
26579
40331
12151
22883
01712
50827
32867
30352
24455
34001
00989
30545
37165
52981
14009
05943
45279
36242
30343
38350
06900
35170
25739
09622
33967
47528
10544
03471
48791
11962
47755
49920
36366
21179
30693
37477
52472
13565
14821
17609
22825
23687
35187
14086
25446
38391
00304
12502
50493
39255
13094
03045
31809
48316
29055
26305
49175
50729
06193
16403
53689
15016
00012
02141
01285
18150
48651
08807
42663
28536
27272
23539
39275
37183
49685
26361
51780
44332
06216
53486
09335
46977
02459
42097
29366
26666
49498
07496
51615
13622
15227
45786
22793
35082
19698
36797
33530
24367
02385
28133
11678
04011
14075
42801
10085
51447
26459
15908
21354
23464
39979
15936
25561
24798
01141
18933
52549
53044
21961
17090
10069
28348
38245
52287
18184
46992
31089
31783
00373
29214
11800
28084
26621
52074
46532
25753
30438
20738
01539
50687
16522
15632
15489
46261
27454
12313
36954
29683
14982
22861
02438
48547
08859
31235
31192
04523
17361
35829
07553
25114
14121
01163
12683
26010
32058
51089
09824
16204
21436
00159
26165
54119
21603
36136
20172
50575
20641
07793
27956
50469
50596
37776
03739
17111
49448
28076
33997
26649
51201
20075
34883
08284
02553
43187
18249
11117
07974
14164
09128
21183
20803
05622
04045
54042
05311
03561
53857
07652
07035
13958
46199
42616
45817
26221
33619
03948
25674
40013
24158
05032
08211
03579
14119
41831
52428
20714
40217
54027
42012
49971
41973
50793
10832
01743
15410
23017
25197
00938
04387
10308
12311
04416
46803
47996
03010
18334
02542
14792
36369
29508
11606
14964
09421
50806
29326
16200
51298
27736
38877
02280
14116
03287
31946
09235
30312
06467
36975
34045
13101
30366
15069
11473
09663
52484
19069
29539
53656
44089
34509
52846
41949
38378
42678
32572
27944
42336
45307
40634
29474
04861
14194
22995
01640
03166
43960
44521
21005
25322
01545
49300
38083
41161
48792
51436
51877
30182
45623
32441
42337
41464
47638
40859
01132
41357
48157
11813
11095
26226
11669
41701
06051
29215
28131
04587
31342
36024
24771
45527
16934
41134
34403
05727
18858
29600
29501
04094
42965
36693
14990
27500
25225
23449
03074
25386
38241
32870
16050
41295
09414
53967
44367
45410
04736
13313
10531
34553
22804
19077
28946
01333
21115
28777
01849
28373
13478
20885
03348
10225
24787
39221
06362
50545
38430
31360
14526
51645
00076
23971
09542
53346
31628
31574
28991
22580
35329
08300
10964
37583
39287
48712
36534
00252
06145
43984
44751
19478
11936
07537
10836
46944
16289
24716
35712
19593
13003
40991
09577
40574
12393
15295
33284
44162
32616
44691
08766
11540
45336
21926
38901
48235
40104
02004
39488
22298
01537
52609
21960
26855
27105
02730
03994
01037
36011
25508
06365
19543
28482
11239
08661
41687
13026
39886
35440
27860
17737
08255
34472
48034
31912
31291
27119
23530
50707
10070
14693
53418
23096
23732
01872
27042
11537
13275
09074
00826
02151
50532
07034
23304
18376
49677
15846
37701
01435
32149
15366
27742
15834
04839
12928
04184
33775
25509
32759
21288
35784
40599
16913
49852
00530
48646
25017
28770
37445
21284
08461
27761
00086
48362
06403
50019
26671
41810
27348
00018
45720
31225
18965
51079
51180
48439
23234
41931
39511
22780
06786
33986
01125
39561
27855
01088
24817
02924
10998
35323
50701
48638
09480
48302
04264
40706
41404
13315
07771
18304
38424
10333
07325
03529
23912
31053
20586
38483
38876
32601
33092
11258
44641
53615
46817
46565
07330
05251
28417
46315
04427
51307
46637
30270
40446
33035
52535
50159
18332
18611
13608
23157
23481
45976
13728
06742
51622
32143
31175
51214
24478
49481
07312
11350
43355
16391
43051
43284
02018
08898
13621
42249
21699
31914
30398
26271
22351
00601
51513
45511
15678
25133
45763
46167
49816
09182
19601
53372
14578
00068
38708
13853
06399
29305
38500
51784
38551
06407
52283
29601
27064
49867
35614
50743
05411
43055
30959
39493
07184
42685
03853
26269
02504
25678
37178
25236
10466
17473
31375
47541
54000
12333
11204
28849
20371
41221
35993
50315
13229
24958
14288
16968
31242
03173
24295
38495
02077
30211
02888
39660
09867
25103
09339
40698
29488
41277
01600
29096
51064
50524
28071
50777
07442
32195
20625
22708
33172
45293
27930
36454
42309
37801
12009
46610
43146
53138
28567
20495
12506
42679
23979
38390
51990
36208
08839
02573
27569
52243
31828
05795
03912
07506
28217
25336
27739
14030
48433
19609
07077
29986
34087
35227
41851
04753
12731
15385
16866
28154
11018
23538
20848
46369
47533
15507
02156
51058
51160
39773
13052
13131
04322
10091
25702
17664
32503
35505
16814
39823
22091
52821
03698
17945
33923
18523
40786
53968
24156
23075
01007
31103
22132
04981
16709
46832
11743
39893
37826
12801
22148
29179
35475
02953
00962
42766
04002
12609
15801
07267
49274
12384
51465
45873
50039
02110
27373
38773
44281
10125
50309
00364
14874
07133
19049
03150
25903
44701
10852
42557
39035
36196
49166
06092
08445
13039
29882
38597
09314
02405
33779
53511
39093
43523
00648
21530
36684
26903
30616
45642
21205
45297
17271
07403
28284
16092
28558
50641
14730
18543
11149
05888
34687
13071
12680
02999
26919
00282
32550
07123
51705
53610
53493
40555
53606
53256
11452
35042
47005
22057
28542
52598
20122
13019
18165
22272
32780
47588
06200
25870
44012
21703
06470
13613
04208
24015
48448
30735
44112
34943
47382
04491
14528
16582
31686
48395
30998
19972
01967
39734
38717
14547
29745
01848
40150
14001
11262
49360
17616
22805
29290
17357
16150
32570
30461
28227
10737
34586
47375
38088
32443
18715
18643
46180
10671
10196
20027
30517
16727
26150
39519
10155
18023
44475
29809
22624
44329
18369
12436
35708
19772
32480
11406
20855
02832
34520
18452
16487
48953
43293
11787
16963
10495
29917
41075
53697
40530
45023
45682
23382
09389
25797
00942
16544
43918
31007
52486
18356
01660
11885
02497
34562
47593
35260
20251
28926
13524
33534
04503
35736
18240
13106
33545
12732
18300
46534
07137
40396
46081
34220
47354
24108
17946
25625
23946
28843
25173
08472
32933
22172
20409
53844
39526
29485
44567
22931
00186
06267
01107
16675
44642
12046
53792
23712
11698
04692
23495
43049
24445
28405
37732
05954
27618
51157
22228
29688
09671
12037
37144
44587
33632
03807
02813
27073
07837
16532
21779
54036
36882
18869
39224
31071
03818
00191
43511
32317
20160
00901
14107
34651
07765
18038
49104
40293
18207
17202
36204
02008
09159
45841
29693
50880
09443
34746
30894
12488
19538
04335
03633
36009
39539
43020
01208
25434
53398
52040
08967
05209
15829
06499
05097
43247
19253
25547
09085
19858
13473
20123
20265
06805
53100
17485
19076
22868
24186
33829
40958
40870
18589
23929
04188
22494
22892
15642
45590
21586
33941
06770
19204
32652
50818
40601
34104
42461
07901
35261
25424
44279
29989
08427
36160
20653
47015
14131
03805
17863
00354
22336
20002
06144
05567
04703
30128
25414
46253
32233
21719
28934
14276
09095
37493
07595
50689
02846
14304
12776
41130
08123
54076
43737
37538
05485
22332
35617
09650
10353
01671
21241
43763
37624
44512
45157
12339
19683
04584
24554
45499
22360
22922
48876
05233
16171
01913
14153
49626
51959
40456
31823
17905
36539
29629
45969
23043
49216
17877
17445
47871
26204
43608
19583
47284
48243
12750
25218
52134
38767
18748
14314
51479
12536
30279
26381
22413
02803
11763
21852
31725
42307
32207
15347
13844
10456
02398
09277
27566
36140
38814
53479
16177
01029
17122
06932
38458
07422
09393
17310
27226
32954
47151
06652
39278
08437
48400
26889
05671
34902
06208
45844
50503
20069
01143
21045
17680
04850
24983
27574
05749
31339
42880
41808
25621
43853
52180
23644
52189
28813
03848
44703
04670
04952
24212
45116
27216
06178
26599
31523
28434
05543
31000
09838
09585
33642
28791
33028
01190
32575
01013
42703
03649
10932
24099
05566
46807
28368
41685
50079
42512
49108
45331
53104
37481
40636
33696
29378
49543
30949
04081
17041
48887
35097
39802
24778
32172
14081
52887
26478
28834
49359
38176
22936
40453
33338
12016
17856
02290
16710
53137
06966
25984
10785
16691
39211
26864
34162
18620
13630
14479
47601
30196
27032
51746
14342
13711
32224
52029
49703
34583
53467
30452
07697
50477
00144
35416
39828
17820
49916
42041
24447
19488
07429
46516
02347
37765
03104
47187
32880
35980
40077
15135
21017
04729
45041
18378
31857
09385
35973
44529
20374
01084
35758
35674
10979
08843
44297
31075
30121
18544
29377
49944
32445
28989
05279
51426
47230
11340
27180
37596
31972
15749
10305
49709
49752
18803
37091
42444
10171
49413
06924
45434
48745
34899
38130
28437
04152
02532
31591
54070
44713
04880
21370
25060
05685
41218
42763
18672
38341
35558
33736
45340
10095
17056
53356
25067
16995
47823
07829
42320
35509
34843
33058
19386
25453
18538
23955
29726
42806
38560
38081
26934
36610
21082
51206
23625
07815
41630
11782
51813
00583
31500
10588
31411
40565
38556
07478
48236
49858
10404
09529
45200
07219
15201
38398
13977
40459
11449
23959
24995
43011
50694
41606
26838
47304
33634
38464
32600
27782
25628
45315
40059
22101
22807
14683
03753
03625
31310
07479
35961
24159
22955
45051
12166
45630
15885
33373
52593
13766
28271
25438
21814
18601
14103
09839
18996
03571
49444
42101
14868
27600
05623
04373
31793
11176
24594
11019
37731
51449
25088
40696
51538
16120
07577
03483
17803
53146
46920
07303
20337
16213
33107
16167
35257
49779
04938
28646
01645
05147
27788
04279
14710
11266
03096
35719
32383
37205
45114
51552
39416
10903
07449
30439
52108
29608
23576
03158
46789
27718
53022
34323
32915
31863
15310
45680
31524
45621
07724
07895
49600
47256
42723
40308
35158
44439
31772
26263
23149
46695
52895
51065
19224
14873
47069
01144
38657
46210
18516
43300
51712
22819
21560
52854
23486
46103
39759
23568
49010
33048
53540
34130
50911
21714
17544
14898
27169
04493
17571
10182
31238
10700
33593
51385
44235
19269
49291
36091
27230
02877
52174
37607
19733
34476
54065
30013
20360
25768
31153
53495
16380
02722
48284
12058
07280
33395
16531
14984
38127
09149
48983
45643
10190
52294
00752
39154
18630
07136
49225
11453
05210
25314
50090
04629
45779
05799
12409
18691
45159
29244
09422
09371
07500
52668
35262
27692
41839
16944
14436
28027
10046
30658
13115
18388
11719
15860
50630
02053
51553
17418
14705
48335
13067
04768
23321
38222
51520
14338
21897
19630
15248
09833
43418
18863
20117
33811
35836
21343
52718
21035
03179
40595
48985
47358
33375
26841
42407
11441
52424
22766
12177
40733
28798
01792
49669
14742
34201
31115
09110
08593
46853
32300
34336
44348
34715
45974
13447
26482
45300
47095
24921
13617
42508
38343
38475
26543
32082
38351
20457
40288
20540
30055
18263
48849
45568
34361
11924
34311
37063
11825
06147
01659
15152
50560
51193
09395
26863
53217
46009
52328
18124
22681
15980
53874
46913
52468
53438
20974
53897
44322
10427
35321
42090
18770
13405
37221
22541
12067
47946
16898
41242
00077
40372
14374
43991
25880
08404
40175
23643
38264
24576
33376
11298
22161
27068
07266
47008
38776
47685
45834
33968
51865
53524
04178
30743
24989
29805
02684
00020
44551
46522
19282
50120
04548
03870
39826
37705
37548
36397
10529
20052
27078
33495
20965
29150
21458
13093
30747
10176
06660
28816
14403
02630
35099
03247
50835
14928
32783
09052
11795
22602
27419
42672
51132
33460
41766
38265
36649
13986
06088
27193
39258
19407
08642
20760
40609
35700
27590
30057
52886
43770
47133
41598
25127
44130
20680
36292
37734
40445
04389
37402
08805
25585
49700
28200
21291
26502
43956
15426
18296
49198
42016
39137
00363
12679
44401
37956
37383
29074
03933
23858
04231
27361
45113
26879
46709
22535
11416
22029
34265
01452
36964
38974
14253
52946
52876
53523
12401
48010
28675
25699
33030
44240
30314
47521
24604
54086
05443
33332
04863
19312
08853
14590
36131
28725
11713
43638
43188
25228
06366
34602
48525
32615
51261
33202
43162
50261
36477
50256
33401
23703
35744
44698
53627
16243
00843
08618
18497
27209
41246
20082
17764
09950
25985
20021
16479
09453
38952
34168
14529
52855
48870
52455
49187
10614
29939
50850
40745
47916
18192
42030
37162
11768
37663
45177
23798
07984
23318
49640
26098
35118
53633
08658
32598
46643
01927
48187
14703
36917
28408
16325
45406
28029
34431
25946
27360
46955
36171
09484
37723
17465
13849
08698
42544
45992
44903
41280
12295
26701
48202
42058
37057
00140
26151
23987
43937
14415
22729
45327
26085
35308
42466
26603
01467
44920
35984
03991
11367
27067
47159
02751
20015
02289
16082
15047
07095
17579
06661
10970
13372
11776
31596
25486
22687
47437
31221
52603
32555
13363
53600
05591
37514
16669
46699
42859
11643
40708
04785
42629
14944
24743
00991
47531
08489
36906
47113
05780
35553
51429
39925
23178
33108
25355
06358
41707
20792
05872
07884
48924
20299
11518
15618
39113
29915
10022
24436
01691
15194
28062
25168
38007
05587
35875
18745
38647
19461
14887
03954
00854
44432
43674
20077
11902
33361
09967
45644
35774
41692
30754
05577
32215
11033
53865
40558
04961
19955
08114
01237
50972
45781
21498
17393
25564
29949
21671
33059
30524
12107
09263
02612
42456
18234
34894
19837
37209
18692
40380
52291
02895
07845
52804
01735
08652
39507
33408
44989
49808
28736
28291
05095
39798
28475
31096
22012
10067
32150
37873
27969
30656
53651
03100
40068
28836
04890
30910
30512
39080
02564
25037
34773
25517
27228
28574
26791
11314
51368
50795
43292
42775
33021
48180
44426
10554
28993
15139
40473
34470
13477
40291
12806
40526
50960
16040
54081
48510
33957
51148
17259
08499
07387
16842
41962
44627
32642
39101
09936
51431
07289
25429
41323
30386
06345
37558
15154
05879
51254
24686
34100
27421
29315
34346
51464
53459
01909
11120
09964
14853
38524
08108
22542
39641
25105
45859
11878
32090
08872
02934
24360
02466
48497
11826
44581
20096
05310
17193
04776
34217
38887
22632
40336
45191
48447
46619
38520
37559
16132
07802
27809
14218
30831
44690
36003
48905
05834
53983
09071
04065
06560
52819
37697
28747
15765
32757
46954
29644
42181
43630
26614
24525
09598
04117
00116
00229
42095
25026
12690
38086
32161
07617
16751
02785
39366
04265
03381
29022
09138
04526
19909
37647
43304
33312
45019
05850
25570
08105
37880
49875
18854
33742
07025
07872
12500
53636
49828
27045
20477
13410
03211
29066
49322
33012
33219
21532
41050
26861
09932
52228
11760
14637
32730
14267
11456
39513
31263
19920
35011
14562
34692
42379
52288
20336
00278
38433
46553
49952
42432
20887
11254
28794
33498
19038
44708
09613
49452
31426
40199
30413
19420
48537
07253
30644
01112
25165
16864
05895
32548
13300
35825
31318
20558
21771
37476
31177
46757
04953
19497
17032
15862
10368
00331
49777
34313
28008
27196
13245
47138
10109
18090
29503
49037
07129
23072
02841
22141
37718
23749
35662
50916
16852
18077
49491
25299
48281
44952
40057
31159
25595
18437
03357
18972
51857
46367
16466
19871
44151
40248
36122
16636
25639
46780
09198
00722
28994
00089
35501
20092
09228
46352
53935
23596
29433
22859
28855
11324
22274
46511
47169
24792
23764
43415
11548
31609
02997
33227
33575
38584
52893
28282
11819
46482
44253
35996
47740
13455
24652
13778
03148
21297
19723
53514
53891
22498
24163
22303
42995
30174
44150
16621
03672
32400
47539
10366
31226
52274
12314
00671
01090
14399
30980
16400
13409
31614
43254
03617
31132
30650
45922
07876
27290
38775
07819
41657
04320
03541
12908
41312
16381
09105
16475
31413
01036
11349
29212
35917
12627
07138
49405
47014
02155
00719
11598
30502
51659
47030
07408
07530
27663
29620
51215
53403
07622
44852
45903
05401
07755
37154
43178
34514
18107
09852
05074
20099
42423
27499
24577
32331
06161
39939
06343
22813
34033
14774
33000
48843
50927
11499
25162
23105
23373
43792
30243
07361
17457
11326
26860
48902
10240
20571
50833
10973
24974
15781
18774
50076
17036
53422
12885
14007
15121
25365
39421
40852
12391
26321
23315
03563
27690
53926
08343
15037
02193
13754
24351
47799
24292
37829
15005
33301
28681
16100
23796
32889
01075
23833
42860
03688
44897
44455
11505
38880
00788
41862
38290
06843
12312
03297
15603
04075
37266
10180
13874
35299
40320
37056
00627
03428
00029
07080
32583
12945
44216
05305
39051
50279
04496
38797
47447
44420
31396
33720
11857
03886
17800
14432
24728
23281
01312
09273
28121
25868
02540
10675
45376
33066
26038
14248
39797
21357
16178
37892
18608
14687
52253
22396
12137
39240
43940
38158
23913
43735
18422
23094
06218
31818
30988
27347
30274
50347
06963
12116
40010
21982
47674
51718
36907
10479
37006
19399
14453
39002
09739
27976
33594
08199
13321
41853
44217
03599
42182
36504
42892
26644
35724
50842
44022
00057
42437
08612
40021
24139
12558
38938
53455
11557
53988
25329
03708
07143
18648
46761
22232
20939
02876
04780
12587
24323
23423
45691
51699
34471
39508
14263
26951
27505
08560
29640
46135
53020
20213
20990
12856
39313
44777
52507
24929
46554
47700
49449
04926
53589
33707
34039
20941
51459
28204
45289
47978
46051
18584
41816
32702
47144
11752
26469
07397
12754
30965
52590
03591
41485
19537
09557
07497
44287
47556
15913
37863
49272
41884
11000
42293
25146
28695
04105
23455
21107
06085
37147
32805
35473
15800
26365
10214
06099
50335
13760
07665
29834
27768
18976
00470
09026
15363
45502
00949
45525
13155
01486
34656
44229
43383
32438
14862
36982
50714
14426
05457
20282
30893
24772
03723
19854
32718
26052
44483
49094
01816
42260
19319
21103
48382
06411
19913
32369
21582
11217
44930
31774
37047
25362
53096
13491
12478
31166
49137
14069
08630
47274
13263
25242
26434
04063
51650
12516
01800
24331
54082
28047
22262
09864
20513
26302
43169
24179
13669
51335
18814
48242
31171
53160
51716
23540
28146
50467
10552
37409
37947
27464
27535
25878
23222
39389
09133
03487
36093
08768
29606
38742
03827
32507
42354
03407
41109
18621
31545
05026
41635
28761
05903
13424
04626
29276
01803
00446
33279
20647
40769
05956
23623
01810
24680
18487
35903
28697
42115
13747
25975
45258
44157
18179
22099
18427
51091
36517
27536
51721
32756
43123
43059
07392
53404
16182
03364
39813
21316
51342
53875
24825
28433
43776
27462
02777
07676
29685
23648
52127
42589
52717
35828
34218
51804
38629
18772
23758
52133
34987
48003
37592
48027
41084
52374
01599
27802
20576
29654
31891
09474
40715
49584
03543
30428
32363
42549
42028
05396
19788
31852
37145
12345
10075
46570
16812
41330
45455
05641
40371
24496
35920
04116
53424
47703
11008
02078
38226
25814
12803
24177
34015
50015
44517
03484
41306
36927
05867
24068
24562
06022
13376
20630
31179
40545
15407
42378
29760
34539
30049
32134
05330
45863
44335
15341
26314
43581
21516
50270
13527
32720
36255
36472
53816
00696
52875
27961
23651
15383
11527
49402
51045
05053
39037
06970
17597
26148
36002
52727
30680
18424
49415
23838
24026
14527
43134
47065
32940
44773
14611
21236
30645
31501
53791
27257
50948
16115
08588
47424
17167
28057
51195
22621
21873
27005
39140
37690
11950
16800
15551
23996
10110
17017
15805
40670
12134
04601
32692
42803
45899
42871
28668
09179
16174
17081
16186
19886
46508
34533
44126
22183
23941
51566
09303
32707
24711
29120
46702
34845
49566
49159
15333
47176
09627
36813
11151
06164
47232
28497
16836
30744
29728
13955
52569
40960
42830
51656
43137
41757
53176
02371
35900
36554
05968
46494
41481
27259
29077
06682
04691
21868
07177
15855
52754
16445
39520
05845
47818
03684
46504
38505
16908
46730
04631
45714
26539
26481
26813
06752
10733
50807
10210
34334
35779
43923
35643
42005
40547
12081
32724
39785
23811
22944
34680
45453
20931
42170
40025
46836
02246
13558
03868
40012
25938
02235
45825
03255
43412
08864
00491
16878
21257
43588
11994
49716
26679
50191
31873
00805
00864
21488
13624
23654
51627
26061
29768
20611
20866
08527
08521
20604
33802
08076
03470
52543
49939
35506
00343
38339
01188
21581
06376
06322
07406
50095
47368
53269
19185
04135
27960
20661
29371
05343
29051
20110
30041
32404
49090
34046
24194
52141
00824
24504
08648
02596
09741
13181
22089
53645
39461
17088
25655
51223
30543
21626
25115
24305
31233
07535
25304
40630
53076
25798
51700
49643
37828
22456
43105
53603
07337
30784
01873
35023
04896
12370
24640
48513
51751
48315
45685
27012
04649
22637
36785
51355
47888
26117
03630
10221
27489
01396
51423
53537
06334
12087
22475
31764
41533
35143
33731
02362
04582
01567
29733
09558
29038
45299
17961
36503
19169
27998
46277
15286
25703
06298
43613
08523
31020
16383
17824
03639
43409
40851
00035
20342
31717
01996
18148
03695
31279
04375
25555
36575
35588
31884
21501
27189
42750
26531
16961
52146
19550
29954
37952
26645
05476
30667
07240
44654
25080
49400
42857
00972
22977
15042
49536
12169
35696
35116
24430
51092
47221
31676
10163
16896
16748
13414
11336
47325
06865
17555
18138
28235
12977
00944
03587
01584
36839
36969
22430
19261
39600
25990
05035
40324
13351
50288
09099
52376
43540
30798
17449
43238
13748
34770
42464
08257
46402
28531
35756
07401
41654
21547
19935
01453
24056
24084
39876
28216
47873
42978
39617
35760
41976
29743
25178
50669
42745
51271
38786
18500
25354
04146
38899
20729
47242
18251
29653
03826
02527
30921
03780
50812
17471
33879
47355
36169
45829
20088
36483
16414
11648
13574
01223
06972
27218
44470
04036
33561
04911
06520
26746
05938
48044
29646
28081
35179
39417
28389
48550
23820
07725
11515
21664
20739
01532
10443
14966
45503
20711
50536
05280
46859
03129
29671
33402
12397
21321
43335
49271
02055
12583
18593
16175
44024
40823
12620
34233
01446
34750
53782
24709
14010
51076
03076
00197
18893
42560
26626
39402
47701
46646
37638
19551
08605
13210
41188
09994
32265
28923
33192
37804
07528
03890
33062
51312
48709
20596
04369
06711
10933
42001
52183
45795
42240
24999
46339
45097
23883
13350
33308
50337
53125
37066
06657
40498
35336
33636
05755
24398
03876
49364
07639
46330
13233
19375
11501
45360
09534
00329
08371
26659
51103
07050
37387
38728
15399
54116
53533
35666
26164
21491
18819
21026
30209
00527
18363
27477
10809
53647
10607
19120
25106
27637
42471
50071
14723
24529
35287
53850
19410
05250
07689
40469
24726
37868
14405
30594
11136
34732
24880
46488
27453
38774
41384
34800
29353
21368
49459
13603
34844
40581
52005
39718
32183
48586
23500
00415
33810
31688
17076
35110
46113
33291
03836
47716
43077
47566
01991
14316
23935
29113
13221
50036
22088
21967
03279
17535
41157
34877
28494
28613
37651
00729
46770
20066
35338
40809
09898
45757
36578
19177
42569
07489
27336
42077
10458
01449
20875
53037
46174
16507
05791
18315
22648
19544
41688
22189
46024
48516
06633
30529
49727
03002
48198
36765
18094
36782
48979
19643
48218
35235
12010
24900
02757
21101
02574
01702
19395
01048
17360
11636
44685
45716
42739
07024
11371
38137
35101
34307
15174
42024
37513
25318
02025
31123
51905
06937
38613
30690
02698
53457
13297
24476
34268
00112
05629
31922
10847
09441
35634
27116
35471
08828
53960
22774
05273
09553
32712
46350
51072
31381
43648
40572
12655
30180
18149
34861
41517
16482
02638
10982
14204
08191
31766
37256
52932
29647
50947
42032
06590
01397
26436
02134
44312
47243
23170
26526
38268
51591
20998
51860
04385
49690
35846
35801
17838
37743
24172
01010
26700
37140
04249
21126
38467
10241
12398
43609
05737
17338
12912
16128
37891
22799
38724
28115
06620
23970
05914
46922
45066
33032
43882
47056
43396
10514
31610
17612
40954
39478
46717
39881
08203
31548
22325
09341
46421
36325
06759
22778
25785
50083
50083
04919
04919
52757
38406
24313
33994
09856
09259
27554
36026
15159
21463
47997
39304
52571
42610
39710
44082
36424
51499
50453
35426
10294
12708
27833
27927
11293
31615
48906
30005
29621
07715
07156
06329
13600
37450
12603
49445
52220
44957
49454
48727
16105
09548
23372
50122
06240
09364
38156
14538
15176
21654
00074
32092
30424
01492
52988
13151
53583
01484
19781
13470
06798
37974
04571
29080
38381
49623
27077
33244
14934
41332
03759
49246
30607
44315
46212
03131
15992
07588
28288
27888
28689
48260
29666
45151
47476
51453
37302
41908
06171
41903
52808
41821
13568
51494
37567
16347
54074
45482
33611
19161
14767
15854
50299
50145
22713
11385
42650
23358
24725
24456
30224
44787
09331
53067
18509
52164
06697
23162
12135
03656
48974
26004
24838
53916
37526
41224
47365
43353
09130
35378
53448
48346
00414
15858
53702
06757
21456
09020
08192
44932
53942
14694
07339
02498
27295
25123
50923
34952
26976
53007
28931
40072
22162
36042
53139
02995
46835
00265
16376
45401
23441
48544
38573
42037
08958
45605
43824
30417
16488
06083
40569
32450
31944
06432
10792
34591
34494
18412
11575
13904
27465
30397
20591
29068
45505
28840
11380
02240
50336
17410
51729
42353
33691
18878
27165
44176
08484
16706
36221
32296
35386
52326
05994
05089
49370
15604
19290
15919
31231
26777
00940
45426
44626
08273
44867
45412
09067
23752
18956
00505
18839
50815
51614
17024
12735
30400
19981
38135
43016
34437
18549
39144
53266
15017
07875
04592
39863
04942
22205
40165
22740
02673
53342
34306
48632
15060
48535
38298
48018
02213
10627
45948
08196
13567
02286
38491
04349
41386
25126
00606
42894
16172
02576
33880
15920
16737
52747
29947
52950
31770
04723
11872
40344
22252
04093
10837
30908
23219
34812
19417
45615
41857
11056
27929
53416
46809
45862
27019
50041
32853
10273
14926
11307
37029
48817
28922
32504
22536
23223
51432
04015
49173
30444
12416
25437
38223
07475
26653
06186
43563
09829
15117
36929
51882
38548
23829
34742
45815
26971
03157
53277
43290
44557
46157
43101
50209
47034
27015
51507
28552
07134
27007
01318
26328
06889
34295
36125
09410
10771
03063
53478
25452
14953
50856
28109
08346
37571
09896
26056
30936
23515
43280
05551
18703
33869
27907
34160
27174
50432
47360
24006
13248
40847
35757
11623
53245
36343
15100
27771
10431
00310
07650
06749
03431
52838
45830
27403
26975
31275
35341
48463
17345
36856
25400
48700
19328
11867
13871
31866
45506
49190
19124
31969
32270
38684
15058
25370
50006
14054
17971
25319
05338
03980
36618
25910
09576
44990
00593
12818
44320
12403
30508
34571
04483
05340
26709
04722
52968
05794
43156
49329
09479
17805
51707
45106
11303
20679
44256
23748
13474
18010
38956
44500
07450
32735
25809
25575
08792
44234
29233
34136
26122
10905
50796
22381
41967
12835
07731
04681
42554
27533
51219
30802
29786
31357
52136
42441
21424
51248
05554
38428
19119
18467
36837
37931
08044
03709
05694
36679
18408
01975
47127
49507
28257
08874
29176
14091
21751
32670
51196
42864
50040
21906
19180
26582
03319
43631
07635
39913
38019
37011
50321
42334
42591
36840
13812
44554
02994
20557
33772
30230
32458
31098
35722
51697
04074
52399
31261
34982
01080
22321
53965
20120
32970
29847
02119
42952
12002
10372
24874
31216
15943
49993
22040
24443
18103
05025
36064
06878
23210
41631
35944
40210
49018
47647
21446
37887
20817
27993
15183
38035
53889
20966
03212
17290
48675
28569
00754
50296
26211
29722
37976
23875
05495
43797
44202
30922
27418
21377
13072
17716
29689
45480
48931
12129
11240
37350
01520
18097
35694
08295
35698
39851
04412
41954
23646
33913
00633
30346
08482
24656
15620
45802
00705
47466
46351
45034
22008
34913
21819
04535
52426
15303
33814
05861
40562
21914
39156
48493
18393
28501
14553
36645
35001
51012
41064
40664
37217
34612
38183
35317
39085
06600
20145
34481
48913
01533
51636
25613
11907
26277
31651
10702
29959
18483
04728
42559
11109
48821
31074
52118
25580
52362
39436
13118
35981
14606
46800
26241
16638
00087
53577
16648
27908
04109
02824
01944
26865
24145
48799
47302
37772
46833
08567
48426
28287
43783
49605
18615
28529
11061
49771
04932
44983
39046
18153
34980
46144
10532
20151
02035
48299
07252
47092
14177
49554
44661
14089
20167
47654
49154
28512
39955
01040
47774
13854
43773
03397
41556
36722
19567
06748
20490
08575
34285
07661
53985
29948
44108
28126
29861
16805
24375
43546
43296
07160
46980
02348
19801
23152
47711
10132
51026
47199
28380
26963
53006
30586
36100
21030
17656
31309
13752
44224
51631
44330
40152
43649
40347
21248
24080
48639
13709
20913
46014
03315
50846
16350
09948
44215
45057
32651
47311
10026
21760
21839
00777
08493
53654
26537
27732
39394
50520
03165
44099
13179
14973
51302
32313
34196
44023
37572
49611
43265
34606
27251
48174
03547
37092
33266
52016
52159
08458
48989
04624
28737
14167
08179
07391
50177
39937
32095
40127
52993
33472
24188
18935
32190
46781
12265
26474
10377
15760
40071
33446
08208
39212
49786
29657
00965
33952
20214
41571
19495
48214
25432
22816
53228
20283
35367
25538
46347
41740
07862
04159
44505
27694
45430
07604
31689
29054
10201
18848
46983
49602
21481
13129
36405
45074
51078
43972
30973
36072
40813
11323
52736
22018
01056
22133
05992
42637
10157
44519
03072
15460
35312
15536
12944
34679
43755
14603
43603
07205
09582
38112
19501
07190
04430
33320
43451
35827
12718
44074
52267
49307
25840
36688
24092
35946
41787
06936
16278
11122
30887
33014
47101
48801
23821
52520
04874
35075
47663
49986
20399
09947
04243
03498
06217
51740
20710
46445
10058
34924
38591
15879
13483
36304
09372
00223
45288
40941
11467
32461
28866
18157
44929
34823
23894
52103
17653
51270
23577
01569
53570
34806
09901
08086
40000
37855
11382
29857
11315
07948
49235
25007
52553
03219
11999
47324
17269
50070
26632
35979
50496
48944
48834
52882
32028
08696
18357
33438
35994
29830
13098
15602
00412
31030
15890
30465
04206
33897
51820
06868
45449
53297
15118
36968
46876
44507
20861
01082
33760
02609
11928
47865
04893
39944
29965
19518
44559
45248
39749
09975
48191
53613
53231
42462
53972
02850
30615
29048
47326
40403
51925
31304
21184
29346
29372
35910
05028
05372
47671
17162
34068
42395
19090
30868
12612
39042
07230
30471
53778
08604
02236
03971
32049
42459
19622
19438
09352
15456
04968
35812
19714
27620
34926
01256
25006
27221
41480
43980
31961
10428
48065
39218
53387
31127
08549
08718
12515
52409
39622
38400
54024
07699
09734
23636
24208
12323
18016
23069
16265
12951
38569
12289
33767
01472
47097
52385
18172
45626
14923
02557
38437
10734
45021
10987
47057
41663
46968
28680
00317
32904
41010
12585
18389
37259
05094
34707
17203
48903
26877
50609
32227
52885
01608
10126
02310
50549
21537
53550
29595
04428
28625
51544
09092
29856
19054
20087
05847
14490
32101
35173
29161
16045
30469
28060
34027
08104
45261
16005
38683
47673
15633
17947
12962
50132
18513
04792
43457
35324
45516
10370
16980
47822
25897
01226
24454
09715
21833
11279
01572
36001
38995
09780
46973
13645
40315
32536
47635
04488
52576
26343
27296
34073
13252
16355
20152
52772
31185
14779
40672
17347
00651
47568
31871
30854
34260
30550
14156
32517
15083
29141
44858
33200
45501
08730
01228
38713
31061
27502
05454
43863
51382
30158
24105
18436
31840
43839
33371
19780
44963
21399
04494
06676
48670
38209
06176
43144
33501
53029
44490
40911
49550
45451
36499
36286
21618
09382
50067
48055
42166
32875
09986
41496
28273
33123
50501
16900
30531
29880
01002
45433
35901
13559
05977
42795
33930
33336
42886
38203
17527
20386
49477
34193
06221
10422
35061
20797
04455
31194
49052
06191
46929
29734
13184
04372
45445
45800
41079
20879
32872
10786
47591
43598
23889
20727
52449
20267
04304
06038
42536
16274
28013
48857
50490
38044
11941
14489
07052
31864
31466
43338
05051
36559
00928
00006
20418
16408
26837
45602
47945
39259
20284
25482
24552
24724
23334
18164
02075
15208
13127
10793
41265
04606
24658
42993
53444
47757
41586
48871
41977
49833
41210
38090
51654
32405
53086
09797
14830
52635
23942
43835
23660
40383
45585
00515
37791
52656
00274
44028
38685
14452
17394
41414
10890
35685
32481
33825
43547
46240
33436
06724
36859
10961
43349
45958
11759
21858
49107
20454
14319
06053
09695
01194
33358
30840
52208
47254
33115
34451
18850
30819
41148
12043
28811
12743
28103
07973
33155
07460
18876
27480
16281
07175
42009
14173
12108
22233
01035
43376
44822
14140
39184
30110
31519
06395
22838
05673
27060
30419
08989
23076
08011
48285
35430
43017
39102
46260
49133
21786
24885
04824
20542
27378
17273
09690
17709
30769
29531
24898
14397
41546
06599
50692
19351
04366
48161
20543
27479
15550
11422
30123
30593
44048
12773
29330
49384
18403
52999
02322
00069
51016
03466
12199
06691
48866
21240
06555
11805
23586
52814
20416
36412
16318
20084
52140
34032
27258
08285
11036
35169
04103
04652
11490
45576
39327
21252
13964
35656
35547
19272
47480
11152
47482
01635
33477
38482
45466
40259
23936
07986
52529
49637
39963
14390
16731
15775
26620
11044
42250
08238
35791
22506
33261
24912
46526
22432
23262
28342
12148
25802
42130
48357
19627
12027
39363
08846
20901
10918
12117
07418
43668
05016
19867
08505
34600
00833
22880
46091
23396
23064
35049
17185
34446
11916
43789
20430
17288
08811
27111
51324
00552
21215
00532
41580
50226
25357
53634
16778
32524
42715
05902
50360
00847
42746
17035
16628
27343
52229
22881
51766
21279
50504
19321
25523
39819
23743
39804
36327
14531
14857
07952
08829
48120
18126
26097
41726
18112
12571
22309
46533
39168
24235
27769
39864
09730
02063
30825
41505
20764
35817
28719
25143
20231
36006
40437
50610
48392
21627
20692
23923
05378
49995
50706
19335
12639
31731
29556
05894
36019
34146
22053
51428
23656
40550
46926
47374
24373
51192
52346
40992
47722
06115
28906
29112
45699
08406
18758
26078
08174
36360
53351
37419
11929
41172
37325
00793
43542
22869
32998
31214
21315
46097
11630
14894
17407
48690
13226
30252
08585
04980
28239
25909
51522
50062
16427
01222
32036
41214
53353
18143
01594
34906
50834
24565
08052
20944
20509
21564
12948
30544
33173
34397
07804
41251
22402
35313
29910
34153
02249
13097
13284
52149
23779
18321
25822
52260
28088
27549
40019
27288
46514
08244
29085
33040
30410
07776
24852
15985
32326
33050
50919
36351
03389
29704
03234
39361
30293
37102
11599
39778
10236
45669
36883
16902
35844
26023
49524
04022
13547
46023
40398
00792
06837
00985
12561
38423
23430
41354
06449
19614
44595
06135
44478
18073
40877
14772
22701
18084
15163
40278
29390
35149
24136
41833
02985
44807
11375
08384
09028
29296
11870
35371
35678
46252
32394
42044
43442
07447
02590
41968
27880
12933
37569
00500
23815
02232
47800
08971
51211
43625
28698
09572
45390
20073
12235
04940
33384
46287
39535
04309
23214
45464
12669
31296
23655
36933
16736
53095
17152
15521
30125
12667
17534
05679
44804
18655
04623
40472
40979
14561
39466
17511
51304
50484
20288
30130
19549
02023
19692
01993
24523
35665
03094
44199
37043
48702
21094
10765
06570
53194
21535
34480
46405
41528
19197
17475
39735
38309
06460
06645
39968
32489
39693
16113
09116
29478
51488
27204
04244
42401
13349
25640
42788
33382
39290
12614
29216
49126
45321
22787
13553
06681
10285
41294
03333
36632
09252
26866
18919
26832
52773
27938
17340
08531
27141
29084
07977
49794
35388
19530
04954
40109
13010
32411
36282
43119
28876
48460
11035
34807
09032
28831
24399
16682
19145
41211
06241
31371
53480
25676
42241
27448
29264
50640
40388
06670
48124
39260
32083
04677
13032
46215
15400
42123
22958
02543
13117
45627
09177
42661
06775
48749
36373
01717
32341
26024
26200
27723
53361
27232
43184
23307
30610
16761
39336
09196
40306
44156
17633
41463
47942
24848
26227
40845
22842
06148
43941
28245
31699
24762
35709
44159
01961
22736
46769
18556
30583
05145
22187
13562
29585
13564
42760
22222
06456
14981
15102
10140
46000
13148
29101
42608
20248
10650
23059
09871
47126
15778
31877
16292
36426
45570
32742
27597
28250
08977
41469
01838
51097
11647
46890
33406
53219
17096
47024
47517
24118
23924
42973
15478
01791
44630
40146
20338
41373
13024
06903
42556
03295
19929
11748
21721
27572
53329
49318
12520
11309
43139
08221
41702
22039
51252
48139
04463
03336
37618
45374
11102
02931
14446
46921
51031
26050
12144
49079
22994
11710
20523
25056
27599
49966
19524
21911
27071
16101
09291
41442
36113
31124
30258
08918
15502
39267
15072
37039
27760
28142
33333
49641
12897
31790
44364
24732
43848
18794
25096
01239
20723
18235
25834
39460
23063
31379
41616
09158
02689
33228
05840
35452
06025
20256
21528
16474
51624
05877
32477
44754
20908
19941
45400
44423
13158
24230
35516
48039
35036
31450
29495
49051
24408
44812
17188
02692
28215
38435
43389
48726
31792
00078
43372
38999
48861
15785
05549
18490
45109
24396
35741
48421
06356
22382
51405
46194
47810
38039
07441
04536
40910
23581
50562
00486
47336
04967
46062
34376
00585
21059
17513
29360
35658
32882
21720
04275
33544
40312
44606
33627
42924
52731
08930
47530
30675
14004
49324
43716
28935
07507
09918
03050
17922
18318
31038
44218
00780
37709
11619
14877
49182
38036
44839
15323
05453
34837
09900
16430
25071
20890
10373
16268
22168
02701
05438
12228
00757
43856
20648
26030
42876
27496
39429
50405
18890
25034
19182
14171
47417
31229
39682
46578
16384
36643
27474
30473
03816
02503
45847
21588
20762
27587
29250
46182
00821
31775
11410
49938
23297
33586
16714
48951
24070
07065
50763
46772
02493
01516
02580
00963
33020
24873
05140
11341
32891
31022
34479
23766
04654
04432
13393
15355
12699
21378
06503
02069
46495
42639
50700
01142
08438
52843
35406
33606
26725
05971
23401
46850
46094
34330
51772
37337
32669
22500
46432
32093
05517
16129
47479
06541
28952
23840
50899
31050
38818
45252
15132
07830
21888
04956
18323
29153
53970
41247
28495
18754
14200
03785
44951
30564
33193
52580
29929
21859
46119
23483
39790
00211
07105
14234
20626
45012
42674
46433
22849
03294
16054
50173
04008
29511
08866
52053
45587
00761
34995
03191
00193
26015
49372
21556
13290
24508
33585
34623
35603
49783
39050
42781
00973
15202
17563
44762
19265
45898
45748
42155
38078
03481
18213
19288
43799
04500
13058
27878
12823
10928
05639
15814
22519
23282
38969
42084
06082
12379
49041
20950
24311
52264
02039
23099
35992
40281
23837
27686
35987
25032
43908
26485
41004
34543
12284
48736
49583
54066
13582
05851
10866
09035
14130
38961
06410
50698
28565
49630
37441
00327
21367
31819
20532
12761
20296
24676
04020
32442
30691
09269
41510
44947
39317
16317
01656
34561
46935
50281
01065
38750
21479
30713
36657
24223
08132
08893
01364
15702
07055
36729
29692
36864
22630
27413
25267
31586
06078
45118
29952
40675
18937
12932
33789
03937
30084
43833
06194
32213
14871
29897
14817
37906
30496
40361
28281
04252
22899
05890
24605
12215
48976
30454
12290
12419
38994
44482
33595
06521
48149
16152
20956
17504
22746
26522
10854
50659
44553
10320
30427
49629
02211
13532
45861
14480
52566
52388
07028
18078
23125
11951
37151
15796
02893
36041
02710
44802
48560
45902
50111
26589
43791
20818
31395
40779
34283
34318
04960
35605
34869
19358
44611
31640
40289
35513
09109
48461
03257
49036
36831
35476
07935
24182
16672
00120
37699
49871
28020
26169
27134
05798
23071
42707
20295
05565
12207
21680
45162
49567
48179
15199
01001
01696
28615
24232
08357
02219
48561
12730
32026
38326
40742
28904
49840
32613
03995
32682
53598
18700
49026
12594
51125
18723
26246
13417
49056
11426
28510
25563
19971
21473
11764
53164
29192
53648
35783
52429
17398
31517
34933
52722
12836
46758
38362
27011
31141
39820
22383
39441
32007
25883
41369
38272
32607
18307
43757
19983
49161
44044
31311
24184
37504
01438
23199
43768
09106
00030
01505
33936
43801
04738
02470
28424
06129
36480
40272
43019
18374
22655
01073
44460
44504
06693
10271
03828
40224
40144
34127
17453
27671
21052
12851
52445
48496
37378
33211
09082
14794
22626
15652
36818
32155
43440
49393
02480
00235
42526
28470
23776
28187
41037
06960
52682
26905
18897
06014
24387
36050
39610
51349
24699
25203
08601
21968
53402
13862
19264
10996
28937
04585
37837
14599
47752
01952
03680
15807
20131
17602
43840
00320
19473
01382
03560
08402
37015
43370
16323
19789
24137
09925
46298
25608
26384
44760
51217
23933
46265
49128
10087
45893
51119
03629
06415
20247
32084
14949
25175
43685
40862
08786
29052
13606
28674
11620
19112
49586
12202
07878
30372
38856
07455
21816
01157
30373
34766
06422
52073
16244
06765
24639
25330
31422
45354
51802
39236
02910
09922
42708
07630
44054
21800
10682
03887
42778
13283
22490
52077
19238
42670
28171
17289
08876
25174
02180
26360
23156
09686
19217
04254
29183
24236
15203
02704
18671
27328
26516
02275
39452
24763
36165
08997
31735
28033
20930
53993
16320
20617
33109
17084
37197
14113
02021
51416
07344
07995
30217
35793
39670
21077
41205
00141
03669
36039
27472
53745
21376
39974
01496
36420
48886
29836
34266
15508
26219
40505
45278
28844
45638
04569
08390
34195
18674
48978
47224
00717
38122
40850
41736
09361
08712
48813
47681
50917
39838
48135
22163
42414
44247
06492
50839
43537
07750
09615
14633
32561
42377
14504
05452
20305
41013
18037
40792
20840
48611
47798
07961
39614
34423
20341
28427
28974
22317
49469
52904
15790
49956
07683
35214
10362
34402
46481
52357
05793
19326
38949
17774
12843
05055
16233
28416
04110
15515
20917
03573
40121
08007
42620
23510
48062
17913
27080
38096
39738
23608
26021
38906
52889
35156
07949
02447
14735
08230
42712
20400
19658
19147
21634
34510
04295
53519
13720
39905
26811
09140
36828
34589
17358
35718
30321
47707
02121
30889
09783
15197
34967
45790
44911
48288
08062
38240
38590
21336
47715
38369
29138
48091
12223
35379
35849
28316
01038
31894
00546
27132
45429
26388
01547
51876
40058
39667
23413
11191
38016
46515
25545
00772
44129
37345
08309
31121
27622
52105
28939
13956
39076
41943
51808
00123
53461
21610
35358
18713
33942
16683
09718
45221
13326
01332
38723
50344
20796
41437
04408
44607
26473
02203
21096
00977
11276
42851
29835
33855
46232
46068
38787
49996
46018
50898
14282
19553
16991
23083
32984
23359
34191
41555
05229
06820
25962
38452
12909
44310
39382
27302
07557
24809
41140
40507
33685
51227
00039
24617
22979
04746
35465
33546
33468
41848
10227
12681
02714
00065
50786
52621
08785
36367
16434
27307
33068
53905
06113
19570
49268
34697
35711
01962
25916
21191
46191
19389
36992
40303
03086
51268
15995
04542
05756
37681
08307
31985
13030
43724
27140
19263
34695
11785
30195
04062
45745
48061
19680
35202
29352
13134
32009
22160
26500
49085
15239
32775
20801
15972
46223
48694
32637
45596
21492
35343
23589
40376
40799
21466
20422
28023
34297
46353
13259
01359
42089
43217
44960
01020
32623
34210
19276
11596
13004
37148
53475
22786
22485
03514
38037
31347
10015
50603
04196
07881
24704
00152
18443
40718
05594
19291
46156
10886
38755
23850
49028
20636
38667
35195
36406
47373
22066
28819
11052
05255
14225
50612
53242
07381
30688
16142
13375
14029
34000
45217
26541
45727
34344
06854
27952
53820
03990
50329
45356
08950
12923
09848
46566
43343
07070
19689
23221
25489
03667
39509
15942
05901
22695
17355
30451
07547
03194
44805
50057
28530
26395
43390
51823
44974
30547
22815
05552
14627
32683
18426
35303
46728
41664
42499
04509
11498
50857
32760
06536
00295
10002
43473
05763
22865
50679
14951
51154
44744
24902
21188
07806
25213
42668
43199
37762
53962
42877
06413
42384
35168
34920
29284
17689
23351
51866
15361
02763
05479
08737
05216
02894
29845
11830
33777
02736
25108
42931
00634
23737
19095
05778
07067
13792
27729
00026
00435
51412
21079
15520
45226
24893
14757
32089
28441
27166
39440
07326
26939
44556
22764
45916
48441
25289
37882
48358
31210
34013
17287
32085
08372
13327
15660
21495
52437
15143
45000
02906
11291
21778
26808
44451
16214
01529
37658
28014
24582
34719
35078
13924
45329
13413
11903
45312
00815
27796
41495
20565
28300
21317
15941
25641
10731
40252
17110
31502
43558
12406
14066
49249
14417
07680
19695
17867
17329
28709
37768
18954
48864
24818
43746
11477
32714
48078
38229
05424
46538
43325
06581
16070
17169
12226
26162
19001
49702
37040
35462
42365
29596
51928
00609
40214
00150
02955
08551
30896
53568
38809
48127
21427
10363
49144
19187
38228
33220
17758
24207
49506
38377
34154
49229
22544
23914
06227
05634
07925
32562
34286
31729
12219
00744
18410
52503
45764
41400
23472
38001
18454
14907
02379
52859
51696
11774
38733
17532
29663
52563
39016
01134
21242
53665
01302
28010
38729
21633
07158
34576
38673
24127
05075
03445
14095
38529
37993
24101
51294
42304
07721
43324
27041
39575
20718
37079
50064
07720
37295
30740
27571
25782
07591
44907
04696
44201
38962
22340
53821
16597
01587
12362
29971
52048
20408
37457
00263
48771
53503
08167
30555
07795
44778
52205
37008
02252
49740
32459
39692
12766
15488
18361
44992
07670
38463
00554
33149
39244
54095
36900
37424
24245
25543
35642
38757
11625
14052
26607
17866
26230
26987
46305
48249
03503
04114
06695
03253
13250
42634
40156
06940
22450
23189
40712
24737
10883
44836
11470
47546
36383
33915
39145
35837
25049
05244
16332
47564
44910
03747
18187
06991
44948
38166
07452
18738
02660
14503
18992
37869
11682
42149
38006
30757
00245
38093
24750
24750
38102
50766
20047
25275
19817
22582
16302
23226
35953
00851
36043
51444
08640
01783
40123
51209
43033
17346
47026
44280
25913
18133
22557
13820
49606
48676
35160
15676
00983
39626
42196
29003
13577
45522
11047
19041
24404
37782
35394
36473
44047
50548
17385
24147
40185
01576
39348
04056
35136
11757
26613
52825
51838
22277
08887
41597
10518
38397
36211
17450
01711
02296
46020
31978
53748
44466
18188
21167
34799
01133
07892
27203
41016
06914
06822
52941
13396
17179
29436
02734
35045
17859
54064
51711
35224
51787
42330
06716
14589
30725
15252
34659
33766
43967
02228
07950
21732
34672
00166
53384
34534
46106
15464
44093
16338
05846
33452
32199
50198
46385
39492
47879
03101
53182
09667
37232
00594
40375
31164
35865
17623
08447
12300
31078
46166
07048
45304
23711
16516
22622
50224
21658
49424
25918
37640
32354
46392
24691
38912
48479
49790
50436
33262
20009
04804
17830
09894
44029
31522
30700
13538
41677
40686
14385
07926
18276
03947
16002
14991
28325
01860
41940
52035
00618
15769
18802
48888
19578
50214
52530
17777
51941
37985
34036
15845
18015
21708
38621
15192
23195
28384
23008
47429
38100
24770
12246
11138
31120
53909
33188
26749
08510
12266
30336
36314
12794
48477
03476
09290
22932
41623
24402
11566
11105
30637
19352
47526
42372
29230
17745
52639
43277
43132
31858
19829
14963
27035
25660
03320
21908
24256
53824
41127
12584
13374
39559
49835
15736
37330
48487
34118
41904
31306
44695
04860
19693
10334
47710
30376
15395
06290
05125
17057
50656
20428
31452
20269
49054
09647
33234
42735
24972
24972
38703
49399
38253
18579
13232
30687
47562
04407
18081
21747
52313
17218
28604
29994
34250
09992
35546
04410
07805
32763
13309
02570
14640
19233
09227
24214
53872
27401
33397
03576
43245
47931
05946
04620
31006
34070
30681
21624
17000
53928
05383
20593
18529
47247
41474
14629
31979
10393
48397
51005
48169
42516
31765
07202
32119
09878
00912
38644
48279
51833
42540
28065
24225
46834
09497
38625
53882
11910
31280
26580
02986
25078
09679
42165
00998
45247
47269
22051
16535
21139
00192
03130
13096
27963
31550
11068
49138
29591
31834
47352
40975
11188
16309
02030
46731
04172
31585
21642
29382
23100
03305
18761
26173
07583
36807
19287
50771
25914
24632
22596
12840
45119
22306
36251
35918
29249
23154
33910
29616
31594
15522
26822
23353
38497
13399
37139
04989
01304
13753
48769
53680
11311
31133
21441
07375
21544
47280
01709
35795
53367
53790
27518
07032
13438
29345
37905
31461
38709
26897
11381
52477
32781
24766
20639
38506
29413
21962
23527
21172
18607
26597
17461
39279
12170
06133
39848
39768
08662
22821
05129
49178
24962
25301
40571
05848
14840
25939
10522
20254
50537
29753
37689
44601
52764
49387
25495
33938
09136
04595
49857
02293
36315
19655
26771
42199
28372
37324
49315
18444
40216
01227
48371
38331
02300
21396
11455
04260
24062
50169
09383
49780
02723
18012
15425
31259
02343
39936
49109
27605
18316
36589
16037
39078
41024
01457
15019
51693
15986
25823
17040
40018
15345
08720
21002
29181
00056
12512
25192
00685
41887
18419
32844
04617
01317
12693
40752
31160
44076
40404
39503
32378
13724
16231
10042
17639
53298
07100
48802
06326
12676
44538
22342
00062
48126
53884
51130
16469
41092
19299
28072
33165
46819
45490
40032
07653
21170
11106
37395
05472
44555
47515
23741
10939
22004
41706
38111
01523
48350
05161
08129
05942
25418
25418
11261
22919
06120
13168
10481
14555
19149
11447
25530
10459
11184
22481
22001
10086
49475
05072
03590
10376
08012
41424
22721
05468
05816
51572
46934
50713
37417
03651
23580
33581
13544
42562
24303
23092
02402
26260
49465
07773
42909
39919
39010
00346
17770
35030
51733
17280
00760
09358
07457
26294
48531
03019
26499
11158
25917
04419
16314
01245
17478
21533
36961
48079
23661
29308
35927
50361
36082
32493
32638
11635
29004
50614
21069
14022
22629
26754
02198
16685
11792
45868
49117
22171
10846
45952
03717
34535
10276
15088
02654
43644
43747
40946
10575
18764
24584
05160
11468
06441
49748
45848
16116
04599
47733
46889
01176
53752
44790
32117
16817
42996
02149
47492
44486
36937
52807
39196
25902
40909
23781
31015
07847
41078
48259
25937
03332
02552
26168
16953
32964
11243
17221
49345
11992
32633
34976
36767
12229
19766
00372
47999
31860
37764
36299
43629
15870
15729
03978
32130
52544
49826
12595
11504
09117
02294
34851
26604
38661
07749
19453
27429
01053
29590
39213
48336
19977
30169
11415
07302
21841
53722
31188
28237
17722
37823
52195
08688
26419
50910
26881
48328
24642
28403
14239
51971
46907
26549
15200
12091
09296
12903
48921
42409
22341
18140
14064
33295
07242
34584
28398
46732
35374
41735
35543
25102
20289
12733
05966
14782
05610
01850
39516
47257
10545
37141
53788
52373
32293
00440
50285
09315
18623
31955
34247
19945
11296
05108
39318
35896
18759
02489
32138
47832
35305
35189
51273
41458
46969
33394
32160
02845
07227
53620
20103
34649
34649
46892
48348
23039
24032
48160
35248
00927
02973
42848
15831
49737
13905
45358
50354
44230
42483
52081
01358
07357
40804
04205
49604
19070
03763
15961
39788
07216
03913
52438
37370
30663
37506
15418
00952
00644
02315
15371
29047
00230
45353
47524
50748
40777
44565
37616
49462
23788
01016
16124
29394
42390
32957
20537
46701
21917
32636
37253
39476
52616
33863
36990
52046
34817
23414
23720
17967
21613
37294
35181
40522
11433
21738
44719
26544
03758
22660
01708
34911
51888
19400
37373
48820
14507
05839
43955
44772
10441
29567
14755
37247
37131
52958
38680
24432
26000
45733
00562
37488
14090
40260
22937
30649
41609
40835
37443
37677
35359
47415
50362
53088
33019
23992
41217
12572
46137
05545
34706
08904
30779
17224
01205
05183
48511
07157
17231
46827
14673
35690
13194
46873
31960
38125
00407
16939
43459
36457
03550
27184
42752
51146
43678
11059
35578
51112
51880
11110
48306
11486
46505
12216
24764
51098
48585
41097
46152
03559
37713
01525
34460
01045
14563
00941
47514
23236
38555
26906
22380
12238
45944
32077
01121
07351
16457
11079
52942
03007
32900
31859
37665
19026
49025
50300
21682
17775
18942
01179
21602
27175
29209
49483
15294
51558
34004
35254
37742
36409
16437
53092
12486
09249
41208
17988
43491
32987
28205
19820
25195
11003
07714
11333
43378
14618
15105
06538
07393
54062
51861
30313
11012
48329
14620
23695
24071
28900
05993
37626
41281
03180
35652
20271
43842
28049
53260
35086
53860
45819
27018
38366
00437
14108
35629
02032
15849
50193
32902
24132
42503
00269
10003
41567
49603
38614
36273
05560
15499
34503
36075
52321
16634
35745
05106
13604
23202
25644
13385
46752
43803
18461
34157
14619
28073
50254
38356
39065
02652
32804
53966
21494
47219
09621
39444
42861
53206
38340
01971
39665
06246
40884
24296
36073
04442
10954
17869
29443
28982
01403
16774
49766
49430
00557
15756
08442
40209
18680
09756
11339
51926
29395
36905
46084
34447
34484
16402
17837
28503
30036
23482
26282
33321
11567
35279
32191
11440
28657
13153
08463
06333
10797
23730
14534
47846
08669
50702
48080
15695
04213
19073
08559
32159
13907
40363
39032
02209
09215
31228
18879
33327
48093
09714
20907
05324
21758
18026
44742
51750
39739
48719
09629
27848
14715
13973
00726
06351
45324
35866
43650
26638
08885
52600
33101
41746
22192
48475
33865
14256
51177
29813
40868
40204
31557
18365
50363
17972
13847
11633
51661
46683
50999
09568
10541
10732
27353
36458
43464
51742
12269
28338
39981
10174
40780
12503
47563
18198
45690
12131
31570
53925
11965
35818
31483
51292
45986
15268
21583
38275
06818
33462
08392
33774
03169
14024
47883
37936
24588
28762
38451
10440
13791
26780
06677
23862
42116
40501
00749
37164
08818
43426
36425
50172
25287
33533
25477
49676
52547
35770
28742
03429
11017
34896
28806
41612
30815
25333
08424
27683
42643
25915
30979
03014
16641
53516
38758
18052
15273
34406
03525
12600
18275
28750
38017
12120
00770
29034
46241
46145
47049
41431
45239
09316
37453
03776
49265
53074
46329
20136
37771
38232
35439
01710
26452
22315
19987
43932
33962
01433
10798
32487
23751
43441
48114
14349
27333
26196
38828
02614
12842
08942
18526
16780
20961
21043
03302
24943
40005
13704
43865
46052
19618
35451
38235
00109
28643
06982
22561
48337
31002
31408
34112
15451
25905
26461
36708
30773
14406
23410
17239
14028
37429
40914
43154
25350
30098
18552
10791
39166
36862
10803
09637
51559
07469
34690
05832
05859
38665
37014
24216
36865
11852
07779
01106
38402
01595
40364
14255
01238
39548
16185
25009
16652
16450
11274
38735
50196
20249
35435
13204
32750
44052
00558
47237
41053
43157
52759
48054
19437
37683
39332
08780
44873
41700
48432
17380
04323
09053
47512
30696
07248
03027
00756
41039
36027
33044
25989
13602
05220
53281
27977
40584
15910
22754
29970
08498
19519
05784
03516
34227
40149
25130
45450
22608
11946
53215
49151
24992
36313
03812
21140
00669
45600
36206
16061
25857
30269
37009
28444
21717
25998
21443
16377
20980
21088
04032
31777
06107
40871
38399
31841
22712
20345
10966
10966
10966
15056
13120
53554
27580
47091
50318
36611
12356
25022
50772
02839
36215
44072
37106
45536
50380
27609
13317
06199
36056
02793
06380
17284
22263
14334
41500
14544
43927
21805
44461
27943
18496
05257
47808
37544
16017
49827
13656
20927
05103
52917
33127
18743
09164
44845
17558
14470
34214
35298
25135
07017
50298
46568
42561
01192
00663
21457
07096
50442
28189
00048
03053
21020
27559
09320
23171
43106
05490
06121
52465
52420
47520
27420
12918
13689
02516
01706
14651
21734
34528
08506
43521
44376
20598
09706
08185
06810
45541
14388
53593
33166
50148
25950
12543
21793
18884
27776
50037
38085
23585
24907
03958
39720
42061
29459
05636
23650
03619
06264
47552
18224
43063
16954
23012
20316
29379
25793
00536
07529
10502
32981
17910
24951
29248
20320
29656
23370
21845
09517
03233
41898
00561
08659
30669
35393
19458
17924
09858
15753
26009
48165
10943
02267
24797
35483
19008
13322
24180
40645
23659
19262
20486
39949
19620
47066
01218
21448
30853
27730
33513
01843
30379
09334
27316
37208
53198
40846
50569
28169
20563
04374
34748
35458
08988
42525
31600
40606
40030
47118
20578
03923
35369
16328
29530
13044
38323
31635
15317
05341
16660
25757
32549
23424
18782
39945
30484
39989
48624
34091
29627
49887
49646
48378
39657
38320
12247
04461
01078
42547
10562
01301
01412
12640
19513
32653
51311
35497
30077
17356
28902
28163
10078
41011
35899
34667
35442
35554
16443
26770
09108
25747
01124
05849
26267
28608
20388
53525
45143
06994
11637
07002
26136
16440
11423
51075
46198
36303
30989
17474
49209
49918
06261
37942
22337
02515
20632
36621
40729
21916
47825
47574
52173
05434
01395
19365
23694
21775
22358
32455
48175
52537
03379
30065
35288
09538
13365
43604
22063
42945
38279
35053
52039
25442
29422
09373
14886
08924
13342
07009
43694
04289
19499
04240
50449
16480
22762
05365
44782
21152
28651
37112
22299
40397
18292
49004
50078
25666
46499
06779
30304
46171
20552
37644
08978
41889
45712
46417
15681
40226
13112
06190
24010
12011
25073
08250
16729
14630
52252
18598
32020
44747
10963
19280
11571
12990
42422
32538
14804
41195
40735
25097
26248
51474
38499
28585
05293
32200
50638
23919
06953
45491
16500
12565
37659
42729
15091
52386
13270
42501
09865
03567
46746
34874
41143
51120
39855
37631
50250
52672
21322
05389
19743
44300
47054
51145
18808
21672
18736
46894
31010
44594
51702
20057
07780
41935
20499
49314
09955
36344
50486
33866
07644
10993
46764
16876
45158
27588
11521
20313
32169
36716
19045
41622
34095
34522
30097
36410
14099
08236
12354
39771
33205
35487
53042
07390
25447
03786
05559
49941
28105
26290
33801
43985
14148
53474
51035
36580
29968
13808
36980
42076
15020
03916
26590
02870
19113
25891
41165
35199
50623
48686
48268
51188
35619
39573
29996
50231
37344
45985
15233
31198
00767
38679
52075
19650
52883
26762
11841
41703
48803
09506
14933
29418
12816
39314
27292
22115
28275
27765
22104
37065
10204
50319
13597
50251
11646
36334
40810
14758
29719
19721
04845
52970
02788
12152
22710
16300
09435
45359
14193
32910
21202
15929
51646
08724
00743
27946
33385
12352
29604
15667
16497
03278
06511
20104
25646
37067
04931
03079
37046
10306
44446
38801
14483
51054
12460
42632
30272
16571
10265
54101
01427
29624
21883
35904
14213
28151
23342
49076
14284
29598
09821
13972
00149
45443
08815
46831
36438
30442
03235
11882
34916
24890
43400
04077
23418
32868
23375
11404
48192
17401
29056
25358
52515
18565
25636
44059
44818
16911
53227
51637
19023
51722
20937
14686
28402
33559
04310
05435
32005
00347
48980
00111
06392
50918
38594
05822
19993
03833
50112
36665
25491
15893
19436
39992
36158
17858
21486
10383
03036
45946
42246
41112
18244
48482
09160
39932
32834
00715
23534
16257
25835
34794
09437
12015
00698
31670
14939
53345
14322
35563
09415
52908
16126
35914
33119
12318
19109
00206
10663
29337
32795
49055
31097
15569
51747
28887
40690
01654
38386
34575
01565
19624
31251
21983
18063
22096
47590
32496
54006
48648
49419
13260
13469
52971
51939
46864
31999
47088
49310
49278
45040
11746
02513
29355
20097
31021
31008
33208
28423
51212
52684
35668
08879
01933
21440
23211
37590
08890
10971
47734
23647
14359
32403
50601
32353
02384
22090
26799
46691
34884
18185
02200
29746
27178
12768
13566
48672
02152
48505
21612
36936
28247
20969
25789
32385
13554
13548
30266
15532
45832
39249
37237
32336
07687
22248
49838
00049
02491
31161
20356
00036
26723
26510
35191
09924
19763
49772
10818
37500
11525
19019
23056
14835
27458
40431
20569
39523
42113
49093
23160
10016
45951
19744
41222
14301
09091
52774
45472
51162
39581
35822
18613
25704
22346
04380
17718
37564
21831
17523
29744
32878
22452
50345
40681
02891
22003
43784
31497
12322
37245
08557
21027
31149
26965
37987
37487
01938
05568
26985
48757
08954
33751
50953
15131
46660
46675
25045
26067
41135
16448
21404
33064
51821
11821
48633
31301
33243
05402
29935
47926
18746
43116
06547
52881
50937
37224
04823
51010
52111
51903
25614
42238
46028
24583
36506
36958
45470
02353
22288
51480
42906
36305
39316
51255
30081
21677
01726
21474
34009
16203
10844
45925
36116
01051
49426
26520
52055
22916
11493
37433
12400
41730
40642
32663
25882
10080
08146
04148
52913
32791
03296
35448
36017
21513
36823
18379
06939
05924
51825
45909
26362
26936
28128
13011
23854
35957
03068
23243
33381
02695
16693
11248
50749
42617
42635
36168
01670
11319
50317
07327
53545
35318
17926
16348
31085
48859
10819
32680
52329
05306
20355
06173
44269
47958
26183
11485
09068
24960
18804
38672
34034
00575
41012
41416
15190
12175
22105
46159
05256
17404
00929
47349
49412
46373
18737
26124
16844
17316
47205
32526
24491
35939
01019
16492
38438
27081
05804
08756
00723
45849
33474
38636
51421
29297
23705
14695
08334
09685
15181
32471
25803
44904
23467
49495
10064
41933
44328
39040
05690
07466
06947
22357
33784
49528
04339
09487
43646
24224
51086
10238
45851
32975
26275
48376
42193
04313
53090
50365
47804
25524
45320
50619
34660
25062
39931
28432
05605
43362
04439
40821
10280
00468
30942
08982
17136
48575
34108
19760
08081
44361
51816
46604
49694
35196
33148
05188
01756
30072
47519
36452
39644
04245
08707
19214
01894
43702
45216
18072
13640
13884
12465
23363
14762
02117
46824
47290
15921
38849
36307
07965
09155
17730
53997
01355
36254
53208
26758
07991
03118
25911
05935
11827
35104
01257
22218
53771
30463
01350
18076
20445
28149
28466
19589
25565
26955
16793
25237
38485
39465
18352
08607
51231
21976
47759
38087
31768
35210
28587
00100
38968
21701
14667
49376
50690
13018
39879
50052
00305
40980
16728
48411
50804
40666
41713
36574
40758
15031
11203
19413
18909
41497
15875
47742
11767
14740
22947
02683
09094
03479
48533
42389
12454
02939
03665
19037
32178
09937
27941
19010
41243
14796
22194
44374
10542
43334
01766
53901
03147
44445
36340
35291
03018
10816
31122
02499
23759
17397
34998
51672
24282
44140
30071
01680
05288
06954
19153
27114
16119
54059
42942
27310
11793
06909
52042
42476
27208
36872
29772
39875
41030
35142
37859
09697
27935
41002
23139
01868
48399
30694
09539
13070
09802
24569
39930
02414
27684
15455
42306
22170
13048
12017
37137
33444
22136
05196
26447
05307
10018
31932
44087
27677
38602
07437
06060
24421
38567
32086
44532
50514
48952
25485
22999
07924
01934
29399
36754
31253
38109
36474
42268
30176
14371
49396
09368
53768
19907
06569
10345
32541
13171
05172
52585
13407
05090
47695
28428
51616
40998
44495
28641
44967
49456
22460
37048
02844
01299
26487
34418
04395
49254
17766
21034
52211
49692
03727
13967
51906
28293
40186
40816
27775
15404
44273
50074
32832
50107
53539
17134
02088
34765
13535
01910
38639
35437
02913
11049
44768
30578
36548
10247
24707
06826
53291
08139
43843
20058
06254
42984
45624
51684
37623
46440
53454
04485
45348
52998
03346
30947
13150
19367
43176
32573
31606
19673
45864
41393
02423
24289
37201
25090
47595
51561
29677
30445
46073
19434
30114
46544
22851
52517
12573
21042
04757
14872
47791
29518
14025
53536
39985
50494
08237
53287
51176
47780
16810
27399
38843
17187
04562
38782
15008
11187
13437
31473
19021
36326
48073
20610
09417
51628
52813
44411
33589
27002
14591
01954
03343
47923
17419
22515
44462
14583
14912
35627
24868
25012
08973
42751
39161
20158
25965
46500
00471
15519
39576
18181
53700
00866
19959
27484
50599
02070
03897
11706
10118
00637
17159
17501
25879
11627
14015
10669
01701
40789
51564
34738
04187
16344
48339
45220
43977
23618
28739
33424
38546
32100
40828
16484
51321
42371
25466
35241
25691
17069
15935
31562
47453
47760
52783
11670
18928
15853
38281
46096
25922
51793
42664
16273
53759
00699
36257
00871
00577
30079
52094
26790
09439
21408
11190
47385
32635
38575
27094
33990
08666
46118
28394
28141
10230
44452
00334
01818
12306
01151
01886
50414
18663
17816
27926
41057
23697
15767
38908
36978
00675
29028
09902
22699
32078
47017
23841
42840
27142
05300
28846
43876
51417
06385
08228
19142
26222
15996
44892
20735
29166
03771
46603
36076
51325
11042
47891
12841
32074
49009
36736
22530
07691
34538
49592
22705
02815
22273
25964
43130
15070
21988
22011
07081
35153
27030
03174
03174
33169
28543
51536
10401
12668
50002
43530
41553
34122
27006
08627
19928
31800
36898
02418
37946
52057
14600
51100
23350
40177
12211
06610
45838
02662
06979
01147
08520
49949
07166
00250
24834
24819
05191
50895
28302
43983
29480
30686
33983
04433
29167
11088
25111
50391
26363
37327
49517
08332
47421
26336
26451
53476
42825
27556
52476
38022
17726
26479
14937
33430
07741
51589
49665
15558
29552
26073
25996
32943
11547
23041
27654
17120
38028
03052
17108
11439
44409
15384
41660
26258
03083
00460
54015
09547
29124
25812
29258
17371
53642
52538
21348
23587
19832
15004
48786
26667
11395
38793
24767
19003
15230
27125
16894
23291
16903
22483
51043
12353
26186
49451
26532
01878
36858
07308
14918
22446
48176
20129
03910
05709
53393
43896
34617
18255
27317
09483
49177
06112
09501
02718
07349
47425
24109
41284
15068
48262
17334
32893
40510
07678
28749
21711
06656
08274
10103
36297
22929
23770
12873
41587
19635
26503
48228
12736
16949
10770
35583
04851
52567
44582
31312
13674
09465
28957
36626
21099
19137
24176
13195
24169
25528
19382
46293
22607
24252
38216
40602
17604
28592
03969
53526
22114
20479
11631
30666
06890
46975
26708
25269
04421
08464
35792
37257
04256
32785
42553
27719
49713
23425
08888
14820
10436
31949
00158
31322
53407
49171
17885
13520
49386
53335
35645
42357
06756
02812
26317
03843
35474
36835
05980
17482
11581
28130
33274
53267
07734
24555
49850
31692
52638
33195
27079
31706
14859
24756
42749
52938
32564
13123
33304
14649
12769
53637
09675
01420
19826
29137
02709
51238
21371
38532
49997
46923
16395
08837
40277
53355
28021
51854
47688
19232
43387
49580
13105
45232
50271
45079
39658
42737
44603
51286
11738
04854
08937
24307
48673
30627
16398
09405
05471
41391
25219
04441
06992
40237
03580
23998
14754
23683
17587
05915
17881
28221
53050
03201
42164
11384
49894
18541
18773
40506
10810
02332
32543
25404
50776
36690
13253
20294
33299
38913
43443
22458
33622
41708
19031
14915
24069
25506
42158
48100
03784
53184
21054
22369
40284
13444
02036
05079
36311
11238
44261
52307
40494
21861
03583
37532
19116
21507
01271
23213
12539
45257
28357
01185
02681
49046
21932
08439
14545
23880
03928
05733
28603
16587
21790
24243
00431
37045
01385
39195
32243
43643
28153
22410
50789
09058
31843
20000
21344
23439
37334
00573
04909
00148
05640
29762
51539
30482
31963
32414
32414
42648
36667
36535
36950
47467
53312
19845
26829
40537
00745
29752
30225
22954
48643
07059
33106
01664
07169
48742
50633
20947
53682
52184
26929
24119
24780
37984
15984
31277
36199
34786
50555
29017
27700
22513
17392
44481
18113
15852
03911
41071
50109
38583
51897
52106
47085
03657
12829
52746
45746
13312
00445
52019
01995
22589
01495
53704
52259
10038
09974
29576
34889
28873
23876
26495
22891
46579
34490
28456
15299
43823
28528
40049
35640
14027
41230
25605
15629
14198
23574
36453
46775
21477
38416
34040
10715
05400
36371
10858
13843
53690
45202
26240
19619
28618
34384
32656
46576
03276
14943
27162
54043
44755
19212
21374
08803
26759
40514
28025
51964
01399
17875
47392
01718
32591
18499
31148
01202
20830
09998
05246
50613
07903
11181
48319
22308
18373
40328
11032
38271
23616
39870
52281
50531
45275
37479
29341
52632
40978
19125
08401
05668
51948
01829
29199
03185
18505
49861
33605
19966
02637
36348
22841
37359
48841
11283
37915
15922
05353
12315
23300
37886
41878
31992
11183
26862
35027
03603
41296
44134
47387
45085
40491
30599
10031
52050
35661
43125
20800
11642
17389
16241
12786
48652
32520
19048
10881
51283
31927
23261
41329
33257
12579
06858
22765
11913
43998
16881
26375
06933
33288
21251
12094
37736
31054
00052
37998
51345
44759
25781
23279
34037
28891
16719
17034
49297
05122
29050
16606
45651
31957
32723
36546
07564
21221
10601
11691
27171
16590
02068
41585
37997
40143
53243
20004
53955
42098
11666
02743
22164
07647
48470
15116
44410
29781
28637
45457
31431
23544
07909
19189
33303
32071
48210
06004
02386
14270
24813
23270
26884
28355
31444
05758
01490
17261
22212
51018
30240
41309
40125
43201
25024
16632
05029
29105
14533
44213
32299
53048
22678
46825
41993
07061
43302
15066
43010
34396
51392
40038
47706
29035
12953
34616
29021
36830
03048
23308
32551
20266
42785
01684
28745
13712
02341
06172
40553
23169
29945
05124
12083
26586
05969
09041
39703
28534
40433
19244
38115
46168
16984
34199
39371
18590
20340
25754
53998
18846
31850
39948
22889
53268
03992
43012
07264
01981
44357
24839
13276
47040
49863
25055
16291
47536
19846
11037
01469
29385
31144
32384
41229
51534
38004
25932
29514
17313
12305
39263
50489
15514
22389
40585
08603
04579
26298
02549
06708
47328
33715
43904
52857
08736
39449
01889
06448
45917
32355
14879
18154
44720
15114
02930
49478
04578
25194
19394
12418
00874
15283
