48425
37586
20749
47214
38547
29356
25244
11526
06382
01217
51107
33440
10583
43782
42776
43498
50959
06484
49348
14845
13715
32297
17161
29650
21801
37398
02093
24953
20984
32144
07396
39956
36365
33510
45935
53749
11617
48682
19250
34971
20851
16495
20868
38172
25978
32790
42234
04551
39269
15325
28654
07738
09219
03073
14051
46419
45828
25164
53803
01808
32854
33207
53440
45020
45981
33950
08267
19633
30244
35653
00636
52845
30185
28337
06229
44007
51258
30308
38128
06892
08983
01928
30522
01346
01521
20298
06068
38181
19906
31295
06861
15711
47550
41466
45758
17142
19454
50171
28659
07083
05131
16371
03110
12232
08387
10539
21211
08379
29083
03815
21281
14502
47270
13976
15209
32470
25526
48780
06128
06595
23465
04140
21428
38519
03443
47712
16502
30271
45978
53068
40311
41253
42438
42783
34478
44489
50683
52071
23546
02942
16123
10585
15703
29865
10212
19030
27225
18217
53614
23250
52052
43706
42683
28564
47210
34426
54045
20620
02422
51318
38233
44612
23130
37741
27459
32997
20459
45462
42489
01283
04247
31059
06899
30277
50161
40196
13927
50928
08865
52345
49257
00215
33033
26416
21391
41104
48484
01550
40727
24381
44325
23384
50710
24886
37995
14217
41283
45440
11998
13014
03802
08159
31498
48231
21561
12055
12659
43246
05530
23470
36033
38925
34413
40304
45431
29579
52765
42458
26047
09181
50675
52030
46483
45703
48069
37115
10613
53724
53923
31271
54097
53619
45094
43615
10859
26705
06017
05621
14924
24842
21439
16033
37032
12098
02382
09651
02147
51623
21292
21356
27790
40425
30803
22839
24933
48019
12033
32165
02758
43073
53943
40120
27013
17662
43479
02936
43686
03426
04982
00898
05190
04312
04777
03577
39033
33239
27284
48942
00205
24856
17647
14043
25958
20061
25002
24537
01835
24014
37408
41723
36668
06664
34585
33060
07732
27626
07238
12986
52636
28059
49945
04534
50840
37216
04900
06934
20352
45140
12461
08687
31013
41133
23528
25744
43291
29921
46133
39563
04202
47470
51777
43046
51689
43728
05660
11234
49087
33350
30437
32490
00469
17929
51607
22074
10508
06353
28129
27666
11963
20113
39072
41151
30137
31458
35251
45441
42157
12440
41029
22853
09876
07877
14147
53802
50826
09178
31329
45215
41847
26785
43252
02729
40576
19574
40195
45730
00813
16534
17490
38645
51753
41752
40618
26834
50199
49800
54037
26932
08399
21136
10934
38988
40668
10621
24830
05327
33980
45521
11959
12710
49061
15804
34243
41686
42348
19193
26706
16156
18645
01326
21106
40539
30626
01006
38429
17566
51496
00925
05714
36947
42203
22207
20471
13763
38865
51187
45531
24115
51720
35364
25741
40006
53065
33692
18273
29151
05245
02672
07618
47607
05496
30464
00259
43386
25825
03929
35121
21185
26805
00121
12968
49923
46779
00099
47308
30869
24685
17029
10399
10461
09812
43532
20515
04978
13681
47208
24804
14068
26157
34393
52418
42967
40819
04024
38199
39579
25258
24272
43417
24775
40343
40990
11196
14249
08133
41599
40124
05081
34281
41446
20606
34921
45794
02536
20759
47535
42078
43323
27865
27231
20404
03679
21112
31684
19483
30383
01470
08227
44290
38249
53668
44750
48137
44255
00580
04361
08584
00785
42222
44277
36981
06383
21752
16165
49921
46401
39411
21939
05224
23918
27151
19546
08916
03581
05382
47016
45146
10043
07745
10077
19268
43216
53982
07866
12109
09521
49505
27777
02623
41899
22558
37321
09976
08933
32913
53062
21649
51692
13678
27039
16212
18817
23029
41184
01931
03444
25014
50870
28561
18752
17126
12941
36146
08683
37214
28144
01566
48301
41518
04337
15284
31928
24451
46933
03066
00655
40244
53737
02500
06699
08004
16956
20635
09526
14364
13028
10825
36029
37225
49590
43541
43233
18082
12973
00463
29662
25273
45579
02884
00426
16578
02333
38196
26272
40889
07203
22386
24031
29358
16745
24729
16813
03960
03512
46966
22792
22197
02820
08926
38077
49428
21385
15263
21834
00978
35412
39578
40448
30031
19002
31489
04270
51917
49954
05080
41827
42819
10296
05747
10281
19505
52619
50988
52923
10745
08224
53582
21453
48995
09737
01225
15626
48293
36930
25593
14518
13468
36083
35859
21270
07346
29323
30393
25315
33861
42957
20468
14341
20461
30432
53330
36479
22186
26542
21098
49563
15710
49537
20867
14520
02822
27651
21559
08341
11096
04814
42527
23990
40740
26484
49441
35037
40945
04883
25790
22347
51471
34115
18274
52997
11562
25112
26521
49559
05425
20157
18264
38446
11287
30745
40360
05540
52107
09510
32062
21803
17250
45027
31385
05200
02145
00393
53098
49096
26765
44371
11689
22387
00579
12104
12371
11100
40107
03464
12684
50824
33204
43241
38510
02421
26283
01833
23816
45711
22377
52137
01969
23801
44165
34057
50680
44068
33054
26337
29832
01519
37814
09789
53808
50761
47481
50201
44902
02272
27303
14552
31588
21100
51437
19970
23233
40100
39036
42584
25020
45950
30975
46753
26140
00046
13716
15948
04067
53870
12781
23352
38816
15386
51584
09790
25849
26192
13950
23180
30476
38954
30944
32841
46919
53701
46952
07978
11405
07197
27450
51657
48024
35403
50176
33041
05912
14104
48681
32599
07753
29737
45957
20118
09381
09210
23645
19877
36558
40885
53797
54113
51165
40679
34905
49015
18528
07628
34552
29148
44837
17243
26943
04346
31209
06497
32777
16993
13484
23846
35340
09119
49961
20935
05415
00255
21880
17989
47393
20034
03778
08395
26492
02531
37281
42394
10633
17336
43305
01253
38218
36154
06799
09402
10217
01203
22526
22844
30006
32073
17794
20226
37600
10352
00145
06737
20903
30595
08278
21280
00071
16808
52749
39289
39399
24626
38978
47378
18017
08799
42323
05169
11101
16604
24231
12753
29538
51674
03301
29561
40969
36925
32256
20899
35491
34492
37250
09555
37615
00765
29178
18411
31998
15900
34636
18920
16556
15357
10527
10907
36232
19976
16536
34429
53946
36077
09056
39356
33562
19872
03813
08162
34568
22126
10409
24505
09240
10634
26973
38050
11758
53814
51477
40635
27137
48783
26937
45913
30834
48573
06544
31181
33891
24273
34968
53220
12688
41551
14605
35223
11118
00520
05442
54021
36591
41067
14437
16176
32769
39020
09267
29599
38972
49815
49030
29069
01734
16962
00404
18676
27497
22802
01098
16221
10941
11532
15278
10027
14278
35821
31138
37960
18563
24836
28488
37019
44886
24649
51249
39458
13334
49845
44345
35232
29895
43564
28412
29494
43659
30843
04367
02725
03283
24823
39814
28038
39668
24945
47135
44621
34388
34805
21944
34101
03254
37576
52054
25157
47782
25499
47090
41421
06505
20922
10673
15684
51199
28757
20821
13116
53450
52719
46200
36279
32377
40966
44372
51077
14826
39129
08998
53596
19318
36249
06182
20601
10826
16976
00441
21924
34919
19256
08882
05934
14565
21555
45671
19156
12689
25899
07331
09076
09433
34981
43767
10327
23098
31044
06964
43671
01442
14046
12432
00337
36147
07799
30412
30723
04970
50785
32016
33658
07113
46628
11320
33525
06312
32457
01898
33189
25134
22872
30729
00387
23974
01481
26250
05316
09298
10863
49932
31719
05897
21526
50722
29115
42992
03170
18508
53677
48971
04714
19950
21272
26060
00860
05537
40099
08054
22866
20938
10806
15459
07275
05997
17546
10999
42577
19355
12125
09123
53878
04742
47718
33252
25865
45152
12456
14684
00571
32288
10519
37580
49421
45256
32678
38328
10581
12694
44569
13935
11178
51069
45076
38659
16459
12538
46412
17330
38523
14088
06980
30191
28307
45609
25494
51443
37385
07580
04443
14902
39777
16127
27899
26707
18101
46471
06895
18816
43933
24895
33846
04739
18675
45458
23853
48492
40837
45225
50946
34428
02642
12220
42982
04575
19922
33540
43257
03455
18756
15196
37134
04474
25335
40413
41953
39130
12382
35855
34701
30297
32208
27537
44245
19816
32588
12153
04285
16775
10051
29905
08869
17512
17186
46222
21522
30857
27593
23177
18974
17369
02780
49380
25159
25511
34542
37817
28483
32061
16746
19595
34689
17696
08088
43549
42440
37975
38409
03515
12372
11057
33821
48390
48321
21531
40457
24222
22184
28519
02028
09710
02086
25861
48846
51908
02928
00857
49283
16923
15741
25021
19344
32659
23503
51557
51343
27799
50611
30253
51395
05781
41262
23843
17663
25534
48777
00368
25449
24320
25531
39396
33896
48776
38364
23325
33470
19107
53202
29655
02975
11684
12062
40524
21836
11474
13776
36816
35382
52954
41645
43544
23020
21102
01343
40822
08279
48810
53929
34942
35775
15842
41490
10023
41880
08319
30197
35684
13506
47790
24151
25669
07250
25504
07679
33608
45422
11544
03499
43264
45912
05670
03284
43704
13430
27852
45556
02616
22577
05656
51121
18381
05047
33117
14956
00653
11400
42985
08148
10586
33439
13997
26041
05819
05136
03787
24012
41298
12774
10384
51221
08790
09129
08600
14462
17714
29782
48276
09147
51288
01365
22677
28600
41559
01770
33135
26883
41215
16019
02697
43731
44560
01793
44148
37750
37759
07015
02351
32374
06566
04177
51408
38373
26773
25104
22518
06105
23600
22750
38727
31714
39793
08264
18596
49596
44664
11663
21004
03124
41558
28198
05502
10955
38819
49823
46469
13768
06140
47839
14888
32798
23406
15427
16730
14318
12861
37735
49059
25925
33349
40294
27061
45338
13730
12860
12082
53003
19143
45328
45723
12133
49127
37342
07627
20094
50962
52380
00226
39891
53144
26988
35819
52319
04695
31908
42638
26850
20538
18864
15880
36281
36714
52599
10547
38065
12649
47969
47587
07810
48875
07609
30329
25626
27835
13858
40245
46301
29307
33458
10044
29376
45789
50521
23606
15782
41178
35356
38600
34495
20894
53912
45249
12876
32537
00693
42285
44580
49114
45780
26095
36999
43147
39233
02773
01050
18709
32228
47579
03139
39817
52751
33269
35941
38376
06408
44308
10749
30629
22843
04468
06405
19470
52469
36161
03058
20412
22640
07243
35688
08386
48721
22636
46794
33072
22725
45190
07127
17411
28920
45184
26417
52305
07454
32122
41488
11997
19186
01712
50827
37165
52981
14009
05943
30343
06900
35170
25739
09622
49920
36366
37477
52472
13565
14821
22825
31809
48316
26305
49175
06193
53689
02141
01285
39275
44332
06216
02459
07496
13622
19698
42801
23464
24798
18933
52287
18184
28084
26621
46532
25753
30438
20738
01539
27454
12313
48547
35829
32058
09824
00159
21603
20172
07793
27956
50469
50596
37776
20075
08284
11117
54042
42616
33619
40013
24158
41973
10832
23017
04387
47996
03010
14964
09421
27736
31946
09663
41949
42678
42336
45307
22995
50524
33172
27930
38390
51990
02573
03912
07506
28217
25336
27739
41851
04753
23538
47533
51058
13131
10091
25702
17664
52821
33923
18523
40786
24156
23075
01007
22132
46832
29179
35475
51465
50039
44281
00364
00282
07123
40555
52598
18165
06200
25870
13613
04208
44112
39519
18369
11406
20855
52486
02497
00901
29629
45969
23043
17877
26204
25218
52180
52189
28813
03848
44703
04670
04952
00144
54070
44713
35558
17056
47823
33058
19386
25453
38560
38081
36610
23625
11782
31411
40565
09529
45200
15201
27600
20337
16167
35257
05147
51712
22819
52854
10182
10700
19269
36091
02877
34476
20360
53495
16380
14984
09149
11453
05210
12409
09371
18388
11719
15860
38222
51520
47358
42407
52424
22681
15980
46913
20974
12067
14374
08404
27068
47008
30743
24989
29805
03247
22602
42672
33460
06088
35700
27590
30057
43770
44130
36292
18296
42016
04231
33030
30314
54086
11713
32615
43162
36477
50256
50850
18192
07984
53633
08658
13849
35308
53600
11518
25564
30524
02612
42456
18234
19837
37209
52291
01735
08652
33408
28736
31096
22012
37873
27969
40068
28836
04890
34773
27228
50795
43292
42775
48180
15139
12806
16040
07387
09936
34100
29315
11120
38524
08108
44581
38887
40336
48447
36003
06560
37697
15765
46954
29644
42181
43630
26861
09932
52228
32730
31263
35011
14562
52288
20336
07138
49405
02155
00719
51659
07530
27663
29620
07755
05074
20099
24577
32331
39939
14774
17457
11326
48902
50833
15781
18774
27690
06099
50335
07665
18976
00470
13155
01486
44229
32438
36982
26302
13669
51335
51716
50467
37947
27464
27535
25878
42354
05903
13424
22304
07294
07894
32194
38833
07139
30129
21516
50270
00380
13527
05871
27246
47079
02889
45659
32720
02060
05617
14787
36255
06097
36472
31589
38114
20905
31723
53816
24949
17536
00696
29906
47207
52875
09649
47872
27961
23651
48211
36788
15383
11527
48912
49402
51045
05053
39037
32544
12230
50457
06863
36008
31696
28009
47992
26652
29170
25973
40171
17597
33631
26148
14946
39126
41177
33174
36002
37646
41539
21820
52727
30680
23879
08957
35176
15610
36515
39118
38513
42055
18424
37058
16835
31084
03037
24104
03632
05466
06582
36337
11987
42736
23369
15576
29042
02490
31204
26158
39824
08029
04782
31789
45702
12762
16359
00598
47283
02656
02026
22266
21325
33816
48684
53880
37482
50626
29232
27708
52126
23702
04415
48680
43309
41273
00875
08422
47444
12335
28085
45214
44982
11281
43368
10642
02957
47281
38129
17831
06371
33386
34018
23593
36507
38372
19823
27008
42828
30603
32690
31918
45641
13411
12580
53530
18887
06952
50939
17519
19115
27262
44622
13673
29490
47933
48524
06201
22235
41820
35983
51482
31336
47428
42295
07730
02471
13383
42178
04169
53546
02022
43231
43078
27512
32287
42485
40796
48298
27695
00684
02733
26179
44179
18837
53560
38798
00170
48556
21222
41043
16049
40290
23941
24765
25804
17677
24625
32212
37634
45475
10299
50876
15594
19480
46424
50768
48122
24082
40422
06029
22401
04572
14947
04497
43348
27469
16931
38668
14513
39803
50820
45018
27515
03195
11359
01976
06712
14535
05512
46444
19606
06489
01673
21826
50868
43684
35109
20228
10986
49807
30350
00514
29415
40610
42172
06687
38425
18537
51514
46055
18943
10338
03964
20669
43633
12142
05968
07473
45857
07511
44467
25612
06896
06682
50428
04691
21868
07890
07177
32565
44195
31055
21053
24773
41613
38631
35161
18191
15855
09153
32340
39193
53059
52158
32051
04827
52754
05071
16445
30027
09013
14899
01369
39475
39520
07824
04690
38197
14221
05845
24592
14571
47818
45517
22338
19856
46295
43667
45250
48899
32063
51422
26539
24664
54040
26350
18019
40352
06984
18442
19357
44086
41771
52546
26037
46066
49334
43286
20185
12959
17146
33675
50807
41659
38334
10210
13476
02345
34334
35779
37376
13718
02827
41842
19444
28031
10952
29482
04150
11904
51914
33536
45178
50934
41252
42117
07624
31191
39562
20717
48958
33709
34628
48085
51847
06674
25381
47973
48520
49241
47146
33539
39882
36948
07279
35947
37004
53021
50014
52888
34709
04139
27069
15495
10977
10938
32348
32052
50150
40876
31595
23733
17416
07196
07563
28785
31486
05380
18343
33806
27144
18002
22783
27678
15304
04085
26387
18570
38191
14960
27164
04199
32041
20994
11993
45878
01837
12631
10800
09818
34410
04028
31168
30606
38336
31167
12890
27987
22362
18039
25692
08544
36734
51723
28123
04431
37555
51242
53601
35297
26989
35477
14978
22056
31781
34816
02048
28436
01154
20508
39005
38447
16506
17494
12869
13738
01042
07322
31921
52358
06500
51454
31454
27784
44706
42522
18474
52583
49900
02024
50292
06445
24234
33849
29649
12725
24475
12309
37660
30844
39049
04898
09247
05392
20847
43053
14952
16000
46244
07222
10417
13700
43926
14839
25727
39816
26716
46271
53686
33653
06496
46790
52473
05399
47501
45766
25207
09926
15148
43435
24677
25554
03070
12636
22310
36190
16738
42124
41614
49141
36159
43337
34315
36437
27036
01118
00487
04930
14781
14134
35707
18796
50963
39425
42961
04111
44704
36780
50967
53046
45349
40276
16107
34097
13741
29961
07634
29118
25019
08639
27806
35851
17267
07054
22356
03126
23049
18507
42382
12159
31299
26528
44925
25471
23070
38018
43093
25140
25560
16610
50788
47343
53987
48453
07018
02475
29065
20258
35405
22524
22598
35834
41355
31172
32216
26812
18670
19727
52937
41569
27074
20783
24164
05377
15763
52679
53011
34519
27527
37620
09668
46843
22610
20148
19775
50314
37133
31897
51955
44693
34513
41266
46151
11213
37792
21739
35332
06832
35954
46510
06732
15538
04983
37010
24160
13368
41394
44752
24928
11639
33868
26274
34669
43285
35411
45223
03342
09659
08691
48483
11645
44036
27362
44660
46766
49552
19060
21563
18696
39888
08914
38302
48503
02492
53084
25448
31945
32013
08282
32357
51194
27227
06480
23102
11002
49989
16051
28532
36490
00423
22779
24358
43580
39031
50125
08339
47765
17589
25227
29454
51300
32157
44815
37469
49851
24357
05325
21712
40755
48110
16747
33552
20863
50858
47893
40534
46560
09899
39406
40002
30511
52317
16581
13110
07345
21726
42107
00670
52879
06839
24742
00911
27937
27133
30104
15167
14763
44010
04471
43727
05748
09211
33969
40047
41625
52944
39958
45095
26724
46614
40578
32528
27183
35064
01039
22147
08613
53121
13612
06653
02323
01491
47426
49149
11590
04719
13643
01902
08638
07236
39482
28263
48226
42180
19406
05497
42111
26714
46005
42784
11253
37755
38763
52986
41223
49856
16824
04830
44668
44546
37157
50427
15850
33929
23134
23299
08788
17306
49073
11579
32508
33838
11883
41789
30915
27305
37986
18786
29661
34464
01181
36971
16486
09862
16608
49215
34434
27325
06123
32688
19332
41163
22508
42710
27476
20754
06821
52500
11116
11412
51198
30044
08376
44675
16232
06084
36090
25616
02560
22247
13922
11345
13649
30632
07159
05999
36942
11609
38267
10255
46314
14143
05807
32349
09541
20531
12336
22862
19011
39187
15214
30538
32281
53694
52161
22144
39605
28022
32096
35989
01893
46186
21166
45244
02071
39283
46102
10425
14003
48549
46402
15416
32523
09326
29144
04098
28531
49666
51435
17829
35756
06378
36164
19194
31302
19562
34355
23389
07401
09652
27014
46906
43371
36475
41654
11289
21547
43114
19935
29555
07372
26887
01453
22534
24056
32578
18868
29537
02584
02135
24084
47898
39876
02324
42443
14800
54077
34540
28216
47873
42978
39617
51495
49501
12991
13644
07306
47677
17509
35760
33055
41976
18051
17491
35697
29743
46912
29950
13806
41320
25178
52306
28172
32556
04449
03523
50669
42745
02194
07509
51271
45915
18966
38786
18500
51090
08774
37522
25354
04146
08569
05218
31904
35252
36336
38899
37687
53213
28662
20729
22365
02014
25733
49706
05101
33613
47242
43779
18251
29653
19130
31846
03442
47333
48655
49183
26006
03826
07880
02527
26455
21388
30921
09318
03780
06086
04305
50812
17471
33879
44065
35786
20512
47355
36169
05753
45829
20088
05611
07247
20381
21150
36483
14941
34934
24754
29700
10312
16414
43951
14321
39590
32884
29026
11648
13786
31158
13574
01223
34477
06972
40227
21705
08365
02185
29923
13872
16358
07001
17107
19679
27218
34239
44470
07092
46749
32942
22059
51597
21442
50458
23615
04036
22204
33561
37502
04911
06520
29268
09701
53736
49717
05546
24761
26746
19675
48539
48044
15296
01888
41868
29646
51988
43787
45987
28081
38442
11434
35179
33232
13408
28389
19441
30096
39155
48550
07399
23820
41036
51440
37269
37843
35566
16298
42168
05022
07725
00296
39776
18734
46682
11515
21664
16090
20739
11729
01532
06723
10443
48398
14966
45503
20711
51630
52221
13887
50536
05280
45835
11953
09489
46859
09623
03129
36771
15856
26494
13145
29671
42236
33402
20417
33856
12178
52918
12397
21321
48920
35190
38325
11131
43335
09355
22123
49271
38099
02055
12583
18593
16175
08432
44024
40823
12620
18459
34233
53772
01446
34750
36491
06054
53782
45254
51346
24709
50372
10021
21226
14010
48403
08990
51076
30635
19833
03076
21840
37003
00197
18893
33826
47203
39675
06876
42560
52021
04733
21763
50813
20187
26626
39402
47701
46438
46646
21461
00383
22013
30292
32839
07988
22617
37638
33346
19551
37421
08605
45403
27485
13210
41188
40249
19158
17021
35352
45105
42990
09994
27431
23668
44801
32265
12834
27130
20196
40255
05538
50568
26569
22735
30981
35575
14138
28923
33192
37804
22588
07528
43076
03890
12217
33062
52175
40239
06583
23265
41928
51312
25116
35570
11383
32396
47149
13561
48709
51829
20596
48620
38195
21748
50696
04369
52975
06711
04318
47857
04628
10933
15606
26197
43979
52201
24575
34453
38651
16235
53976
19810
04333
18339
42001
15847
52183
43477
17728
45795
45936
39355
00284
05886
42240
24999
10589
17788
09863
03872
46339
22492
25999
46826
45097
41694
23883
00542
13350
38808
49720
02251
33308
01354
45734
48724
50337
28909
53125
02830
37066
50113
02283
35929
10159
11368
06657
39099
36356
42656
18258
46687
16004
07931
28987
40498
35336
36333
33636
05755
24398
44653
50147
12149
42346
06734
03876
49364
28881
29936
24077
07639
46330
45031
13233
19375
11501
45360
42331
09534
00329
08371
26659
40704
51103
07050
52398
37387
43048
23044
07444
38728
17743
15399
36918
54116
19404
21857
37907
25567
33877
20910
27767
53533
42271
35666
47503
02802
13338
26164
21491
51585
25943
18819
24984
43854
40419
26844
21026
40747
30209
26622
23238
10612
00527
19024
13551
18363
37353
27477
10809
42606
30236
00251
37240
53647
42975
45718
05444
26369
19135
16485
49352
48910
10264
29652
10607
19120
13995
25106
30309
12275
27637
13788
42471
27416
43688
10341
02015
17551
10419
50071
00779
10450
38155
14723
08672
24529
48824
16593
14927
05348
05790
29191
14305
32434
35287
53850
17043
30640
28472
12267
39023
39596
19410
22391
05250
31700
20778
07689
39232
03658
40469
44570
33579
24726
21895
09631
19316
37868
52793
53321
14405
47966
51966
51546
24334
30594
35217
21571
13633
36631
12388
18050
04476
02937
38477
11136
44180
34732
43041
24880
37230
21787
29875
45869
11626
25403
43708
46488
52644
30932
27453
43069
53358
18506
02257
06562
31742
38774
21294
42068
42780
41384
43887
34800
46325
29353
21368
05893
49459
13603
44574
42096
31250
38577
19973
34844
33887
17642
33732
19362
11222
39115
04457
14501
52740
23087
10375
29761
20834
08690
26099
16690
40581
00221
14424
45930
50728
52005
51678
39718
53890
52586
32183
29128
48586
19464
14449
23500
09554
00415
23977
37806
00293
28006
36878
29281
14827
33810
14508
33862
52079
31688
31337
17076
28722
12778
18020
35625
12980
31724
46105
11733
14294
36408
35110
19998
52450
15166
46113
39591
38330
24154
53755
21254
25581
28851
48508
21969
33291
03836
18681
25800
09418
12859
47716
53879
43077
05113
14969
09018
01991
51485
54041
14316
32034
05655
23935
30683
29113
44248
13221
30940
08842
50800
53031
30405
48618
42060
42038
22088
40744
01579
33970
21967
43471
43774
19521
45262
03279
17535
26843
26556
01907
19779
13825
04106
40035
53175
53833
45752
20703
17661
41157
20079
01624
34877
27048
02750
28494
10577
37095
49103
11337
10068
28613
06527
32689
09386
37651
36097
28550
00729
14211
44301
40604
46770
20066
35338
40809
09898
03432
45757
28231
16909
32851
25210
52862
49106
52235
37049
36578
19177
19840
26376
42569
07489
27336
29759
42872
36329
34564
23521
42077
50001
47756
30371
10458
00218
51910
38826
38462
01449
50897
11788
35782
36527
20875
37844
21405
53037
18986
46174
16507
09713
05791
05945
18315
41310
22648
35135
12467
19544
41564
49817
41688
22189
25031
04489
18860
46024
48516
05982
06633
00727
18631
45887
43681
30529
49727
03002
31878
48198
36765
09185
29147
02329
18094
17964
27352
34825
40802
49837
10025
28182
54091
02113
24377
35549
00918
40736
18367
13219
36782
06927
39918
49649
44395
31019
22292
49885
48979
51934
19643
23485
39580
44906
17887
48218
31018
35235
20275
03740
41876
21846
41105
10197
03485
28951
09324
50366
12429
39906
12010
20182
21687
24900
02757
37484
03028
45405
21101
26114
34489
02574
04040
01702
22000
19395
01048
17360
11636
44685
23822
34178
14312
18193
08491
06341
28759
33177
33601
45716
42739
48880
07024
15623
28803
25411
11371
30581
52251
38137
02413
10949
21275
35038
35101
51489
32185
03149
25172
34307
19526
15174
42024
37513
25318
12174
02025
31123
52244
51905
37578
23286
41434
06937
49075
02218
36606
51224
26245
48468
53244
37609
51947
40731
42552
23343
38613
30690
36173
02698
53457
34443
13297
24476
46123
19644
18658
14420
34268
45317
09345
15487
49925
00112
52508
41776
41615
11687
05629
38029
41422
31922
10847
51041
09441
44916
47371
18902
51515
05164
35634
30207
23340
27116
47409
50334
36524
45535
35471
43432
08828
45599
53960
16239
18823
22774
21964
05273
09553
29714
32712
41031
00201
27252
11864
12549
33213
45386
03564
06867
52254
46350
51072
31381
43648
22784
27235
40572
12655
42595
16206
28947
14992
10099
30180
18149
29288
34861
30120
32593
04541
34172
02653
41517
38991
18040
45997
50755
16482
20932
13934
47487
15517
18075
12880
45692
02638
48331
37845
22411
10982
14204
00333
32917
18305
08191
07443
03197
31766
11419
37256
05533
52932
29647
12678
04425
30722
20162
44378
14100
12830
05223
35925
09580
36597
49152
23116
01462
13870
16508
45117
05569
11803
27434
50947
02907
42032
15888
06590
54115
13161
26788
43462
43561
01397
44417
03671
18190
53116
26436
48599
02134
10796
09323
31479
38920
14379
42805
44312
03144
33661
04570
42091
47243
37355
22550
02238
04902
23170
08091
38201
43986
38185
24242
13203
26526
34491
49876
38268
20153
38282
51591
06604
20998
51860
34466
51997
20844
03373
04385
01974
43571
21302
49690
32546
17025
48844
02869
30008
35846
50378
30812
41814
15453
11824
35801
02394
17838
37743
50202
22623
27780
05418
06778
24172
01010
26700
37140
53914
26685
33988
49741
04249
47345
19851
14858
51181
21126
03783
53257
38467
13448
23590
32345
45537
01604
22408
02298
39095
33268
14809
22349
40523
06835
18714
43467
10241
01279
24297
12398
11549
43609
48845
35093
04003
05737
46213
40590
17338
10840
37935
12912
09531
18298
05906
47300
38142
25522
16128
37891
48233
27121
43294
22799
07477
17839
24858
01327
05342
48364
38724
11409
47963
35422
42980
28115
49485
06620
52877
23970
05914
49513
43406
41193
22280
46922
12441
22009
40173
49077
53314
45066
47644
44749
13595
27138
33032
17505
38278
25222
43882
37038
47056
43396
24468
10514
20389
32393
23823
50005
31610
34945
17612
40954
37470
07405
43589
13865
30678
45578
39478
12316
13762
46717
17432
39881
05630
51233
05364
08203
31548
25040
22325
26782
09341
43953
46421
12192
42893
36325
00773
10870
38650
02184
06759
22778
15915
44474
21299
13988
25785
01985
33607
50083
50083
50083
04919
04919
04919
04919
04919
12341
03634
04174
15531
26660
05439
05961
28968
09981
48251
20833
42831
04878
52757
40543
38406
24313
33994
51060
13576
07603
18896
46543
03123
32972
47639
27311
05395
09856
43382
09259
27554
18888
36026
20241
38465
45678
14398
46047
43282
15159
21463
35418
32226
03311
12276
07161
24286
09200
06728
47997
24993
26809
38845
33412
39304
52571
30349
28511
42610
47837
14624
47316
39710
44082
12473
36424
08755
02435
43303
51499
10635
50453
41065
35426
10294
18522
21918
41670
08810
41303
14183
07927
12708
34186
27833
25423
27927
33029
41499
38061
11293
34819
23435
44200
49251
31615
48906
30005
17638
18910
06401
29621
19615
07715
11854
03330
11638
47983
07156
39227
16252
44731
17118
19531
05983
43995
50423
02288
21592
06329
46248
13600
37450
00013
34251
12603
38638
11312
49445
19918
52220
13113
40039
06631
53159
35204
44957
11731
03433
32838
49454
48727
16105
21063
03537
09545
43025
09548
23372
37379
50122
06240
09364
34674
30035
22798
36784
20802
13615
03425
38156
14538
00724
11167
15176
00339
21654
13953
20993
01797
00074
32092
42251
17675
09574
02429
16505
30424
12214
01492
52988
13151
53583
05680
35647
01484
32478
03013
53460
28860
11250
29710
19781
13470
06798
37974
04571
48752
29080
52339
53817
38381
08763
40761
15274
52006
02919
48273
28671
41407
49623
38830
41479
08364
36012
27077
24963
33244
37650
14934
31739
31035
12913
01161
11391
18588
47062
48879
25421
31755
41332
20652
03759
49246
35764
28296
30607
44315
46212
03131
06195
13800
07310
36277
20062
50485
20484
15992
26560
06419
10336
07588
45894
11023
12301
28288
35423
46015
22579
27888
00841
28689
11186
08207
07756
48260
16170
53483
01000
29666
38344
15054
04262
38407
22975
42907
04796
45151
47476
46211
12658
51668
51453
04944
39427
30276
30786
37302
01526
41908
38202
34774
38927
21055
38605
06171
32275
30141
41903
26398
30794
52808
02526
15447
34031
41821
28350
03934
35833
08165
14020
14549
15516
13568
33657
34753
51494
24689
36750
31815
19241
17671
37567
36543
19138
09877
04838
16347
07953
14404
25456
07333
00933
10876
17955
08791
53871
43866
53240
34253
49675
09638
54074
33706
25349
51462
13745
16256
03976
33103
45482
31830
06037
44060
23769
33611
19161
26458
06152
14767
15854
28861
04314
39243
50299
20043
46328
50145
45603
31561
12049
04467
22713
20146
11385
43295
43089
42288
39192
42650
40652
51220
44798
36353
07125
17992
23358
36308
02142
24725
02173
35039
19889
04892
24456
02265
06031
43488
30224
32864
44787
09331
22151
53067
10343
18509
04992
10833
03565
52164
05001
14410
06697
02818
09278
05739
53499
32045
23162
47511
12135
25308
08795
39248
15365
03656
07848
35823
23163
06859
48974
08949
26004
30866
27561
37675
24838
53916
37526
20067
13065
24587
06081
47864
41224
47365
49699
42594
35988
43353
09130
43916
35378
36699
16620
45672
50108
43859
31247
15293
53448
48346
46280
43578
00414
20485
15858
53233
17654
16733
16845
53702
06757
32661
50330
21456
35565
03825
06002
26185
09020
25118
18899
08192
37584
08512
19885
39261
00899
44932
39012
53942
42031
43118
38618
28630
53595
36485
06911
51655
13311
47692
07008
52324
50844
18932
23507
03415
14694
37962
44083
36023
13530
08144
24705
35721
07339
02498
27295
03829
06823
44923
25123
50923
03189
31182
34952
06263
09846
34242
28790
07597
29684
26976
42010
24094
03888
53007
44379
21824
10896
28931
18223
40072
50341
46648
45814
31128
39800
24520
18982
22162
11531
15535
05686
36042
53139
02995
42460
02270
46835
25948
05459
39373
00265
50116
18835
05811
10523
14139
16376
44098
33466
06089
28414
17396
43862
02304
19192
45401
23441
19016
20137
27192
27324
38790
50753
24001
48544
38573
13588
12447
15260
17608
52745
13903
31094
42037
15367
09304
32359
00982
08958
45605
16804
50041
32853
07638
10273
37348
14926
11307
37029
48817
28922
32504
22536
23223
51432
04015
49173
30444
12416
25437
38223
07475
26653
06186
43563
09829
25400
48700
19328
11867
13871
31866
45506
49190
19124
31969
32270
38684
15058
25370
50006
14054
17971
25319
05338
03980
36618
25910
09576
44990
00593
12818
44320
12403
47319
49442
30508
50118
34571
04483
05340
26709
04722
52968
05794
47192
43156
49329
09479
17805
51707
45106
11303
20679
44256
23748
47115
31098
35722
46839
51697
04074
52399
31261
34982
01080
22321
53965
20120
32970
29847
02119
42952
12002
10372
24874
31216
15943
49993
22040
24443
18103
05025
36064
06878
23210
41631
35944
40210
49018
47647
21446
37887
20817
27993
15183
38035
53889
20966
03212
17290
48675
28569
00754
50296
26211
29722
37976
23875
44222
04728
42559
11109
48821
31074
52118
53374
13118
35981
14606
46800
07252
06725
26926
52016
52159
08458
48989
04624
28737
14167
52369
08179
07391
50177
39937
32095
40127
52993
33564
33472
24188
18935
32190
46781
51339
12265
26474
10377
44519
29196
03072
15460
20076
36638
35312
21009
15536
12944
23217
34679
43755
14603
49617
00582
39042
07230
26858
26719
30471
53778
08604
02236
03971
32049
42459
00126
19622
19438
32495
44968
09352
15456
17947
12962
50132
18513
04792
43457
35324
45958
48285
35430
43017
39102
46260
49133
24898
14397
41546
32543
25404
50776
36690
13253
20294
33299
38913
43443
22458
33622
41708
19031
14915
24069
25506
42158
48100
03784
53184
21054
22369
40284
13444
02036
05079
36311
11238
44261
52307
40494
21861
03583
37532
19116
21507
01271
23213
12539
45257
28357
01185
02681
49046
21932
08439
14545
23880
03928
05733
28603
16587
21790
24243
00431
37045
01385
39195
32243
43643
28153
22410
50789
09058
31843
20000
21344
23439
37334
00573
04909
00148
05640
29762
51539
30482
31963
32414
32414
42648
36667
36535
36950
47467
53312
19845
26829
40537
00745
29752
30225
22954
48643
07059
33106
01664
07169
48742
50633
20947
53682
52184
26929
24119
24780
37984
15984
31277
36199
34786
50555
29017
27700
22513
17392
44481
18113
15852
03911
41071
50109
38583
51897
52106
47085
03657
12829
52746
45746
13312
00445
52019
01995
22589
01495
53704
52259
10038
09974
29576
34889
28873
23876
26495
22891
46579
34490
28456
15299
43823
28528
40049
35640
14027
41230
25605
15629
14198
23574
36453
46775
21477
38416
34040
10715
05400
36371
10858
13843
53690
45202
26240
19619
28618
34384
32656
46576
03276
14943
27162
54043
44755
19212
21374
08803
26759
40514
28025
51964
01399
17875
47392
01718
32591
18499
31148
01202
20830
09998
05246
50613
07903
11181
48319
22308
18373
40328
11032
38271
23616
39870
52281
50531
45275
37479
29341
52632
40978
19125
08401
05668
51948
01829
29199
03185
18505
49861
33605
19966
02637
36348
22841
37359
48841
11283
37915
15922
05353
12315
23300
37886
41878
31992
11183
26862
35027
03603
41296
44134
47387
45085
40491
30599
10031
52050
35661
43125
20800
11642
17389
16241
12786
48652
32520
19048
10881
51283
31927
23261
41329
33257
12579
06858
22765
11913
43998
16881
26375
06933
33288
21251
12094
37736
31054
00052
37998
51345
44759
25781
23279
34037
28891
16719
17034
49297
05122
29050
16606
45651
31957
32723
36546
07564
21221
10601
11691
27171
16590
02068
41585
37997
40143
53243
20004
53955
42098
11666
02743
22164
07647
48470
15116
44410
29781
28637
45457
31431
23544
07909
19189
33303
32071
48210
06004
02386
14270
24813
23270
26884
28355
31444
05758
01490
17261
22212
51018
30240
41309
40125
43201
25024
16632
05029
29105
14533
44213
32299
53048
22678
46825
41993
07061
43302
15066
43010
34396
51392
40038
47706
29035
12953
34616
29021
36830
03048
23308
32551
20266
42785
01684
28745
13712
02341
06172
40553
23169
29945
05124
12083
26586
05969
09041
39703
28534
40433
19244
38115
46168
16984
34199
39371
18590
20340
25754
53998
18846
31850
39948
22889
53268
03992
43012
07264
01981
44357
24839
13276
47040
49863
25055
16291
47536
19846
11037
01469
29385
31144
32384
41229
51534
38004
25932
29514
17313
12305
39263
50489
15514
22389
40585
08603
04579
26298
02549
06708
47328
33715
43904
52857
08736
39449
01889
06448
45917
32355
14879
18154
44720
15114
02930
49478
04578
25194
19394
12418
00874
15283
